       Node,    Mode,   Dis
       1,       1,      0.000000E+00,      0.000000E+00,      1.903242E-06,      0.000000E+00,      0.000000E+00,      0.000000E+00	
      17,       1,      0.000000E+00,      0.000000E+00,     -1.173735E-06,      0.000000E+00,      0.000000E+00,      0.000000E+00	
      33,       1,     -1.361929E-19,     -1.493641E-19,      1.903242E-06,     -3.850881E-18,      9.615552E-08,      2.664380E-19	
      34,       1,     -2.375643E-19,      1.219492E-19,      1.807086E-06,     -3.725461E-18,      9.615552E-08,      2.810606E-19	
      41,       1,     -2.437629E-19,     -4.952466E-21,      1.133998E-06,     -2.847504E-18,      9.615552E-08,     -8.603020E-20	
      49,       1,      1.452349E-19,      2.308478E-19,      3.647535E-07,     -1.844122E-18,      9.615552E-08,      2.690975E-20	
      57,       1,     -3.168506E-20,     -1.265912E-19,     -4.044906E-07,     -8.407422E-19,      9.615552E-08,     -1.325777E-19	
      65,       1,      6.429839E-21,      1.211140E-19,     -1.173735E-06,      1.626372E-19,      9.615552E-08,     -2.099157E-19	


       Node,    Mode,   Dis
       1,       2,      0.000000E+00,      0.000000E+00,      1.173733E-06,      0.000000E+00,      0.000000E+00,      0.000000E+00	
      17,       2,      0.000000E+00,      0.000000E+00,      1.903241E-06,      0.000000E+00,      0.000000E+00,      0.000000E+00	
      33,       2,      3.880555E-20,      2.789498E-20,      1.173733E-06,     -6.517700E-18,     -2.279712E-08,      4.945434E-19	
      34,       2,     -7.271036E-20,      3.300986E-19,      1.196530E-06,     -6.544884E-18,     -2.279712E-08,     -8.247203E-20	
      41,       2,     -1.145028E-19,     -3.362054E-19,      1.356110E-06,     -6.735181E-18,     -2.279712E-08,     -1.222902E-19	
      49,       2,      2.312418E-19,     -1.416148E-19,      1.538487E-06,     -6.952665E-18,     -2.279712E-08,      7.732097E-20	
      57,       2,     -4.863762E-20,     -3.366794E-19,      1.720864E-06,     -7.170148E-18,     -2.279712E-08,     -1.343435E-19	
      65,       2,     -2.447401E-19,      5.356839E-20,      1.903241E-06,     -7.387631E-18,     -2.279712E-08,      3.419370E-19	


       Node,    Mode,   Dis
       1,       3,      0.000000E+00,      0.000000E+00,     -1.553302E-18,      0.000000E+00,      0.000000E+00,      0.000000E+00	
      17,       3,      0.000000E+00,      0.000000E+00,      7.988726E-20,      0.000000E+00,      0.000000E+00,      0.000000E+00	
      33,       3,      8.763160E-04,     -1.575034E-19,     -5.503025E-19,     -3.008353E-19,      1.049739E-19,      2.683592E-19	
      34,       3,      8.766816E-04,      9.768856E-20,     -5.748920E-19,     -2.985359E-19,     -1.245198E-19,      2.198430E-19	
      41,       3,      8.789165E-04,      9.707581E-19,     -4.854015E-19,     -2.676019E-19,      4.022926E-20,     -1.177834E-19	
      49,       3,      8.807756E-04,      4.731317E-19,     -6.751616E-19,     -2.302159E-19,     -9.028499E-20,     -3.860791E-19	
      57,       3,      8.818916E-04,      3.511350E-19,     -6.195685E-19,     -1.932233E-19,     -1.285394E-19,     -6.987460E-20	
      65,       3,      8.822638E-04,     -3.229755E-19,     -5.861349E-19,     -1.577083E-19,      8.986708E-20,     -5.571821E-19	


       Node,    Mode,   Dis
       1,       4,      0.000000E+00,      0.000000E+00,      1.120448E-17,      0.000000E+00,      0.000000E+00,      0.000000E+00	
      17,       4,      0.000000E+00,      0.000000E+00,     -1.042382E-17,      0.000000E+00,      0.000000E+00,      0.000000E+00	
      33,       4,     -1.687436E-19,      1.731546E-05,      1.184230E-17,     -2.830110E-19,      3.316672E-19,      1.255520E-04	
      34,       4,      4.998926E-19,      1.426654E-04,      1.141834E-17,     -2.552726E-19,      5.651185E-19,      1.249456E-04	
      41,       4,     -1.696453E-19,      9.214419E-04,      5.297848E-18,     -5.876639E-20,      1.828434E-19,      8.873635E-05	
      49,       4,     -7.912215E-19,      1.295778E-03,      9.372428E-20,      1.679224E-19,      3.781109E-19,      2.241429E-17	
      57,       4,     -1.372538E-18,      9.214419E-04,     -5.207951E-18,      3.857489E-19,      7.619682E-19,     -8.873635E-05	
      65,       4,     -2.886733E-18,      1.731546E-05,     -1.035731E-17,      6.051580E-19,      1.515844E-18,     -1.255520E-04	


       Node,    Mode,   Dis
       1,       5,      0.000000E+00,      0.000000E+00,     -3.190758E-09,      0.000000E+00,      0.000000E+00,      0.000000E+00	
      17,       5,      0.000000E+00,      0.000000E+00,     -3.190758E-09,      0.000000E+00,      0.000000E+00,      0.000000E+00	
      33,       5,      7.298961E-19,      4.257844E-19,      7.497133E-04,      7.414080E-05,     -1.714023E-05,      1.360310E-19	
      34,       5,      8.479265E-19,      4.483793E-19,      7.668218E-04,      7.414080E-05,     -1.704508E-05,     -2.330496E-19	
      41,       5,      5.520383E-19,      7.134117E-19,      8.720528E-04,      7.414080E-05,     -1.183694E-05,     -2.135836E-19	
      49,       5,      7.957052E-19,      1.487152E-18,      9.216216E-04,      7.414080E-05,     -5.426379E-17,     -9.697588E-20	
      57,       5,      1.200872E-18,      1.157875E-18,      8.720528E-04,      7.414080E-05,      1.183694E-05,     -5.125299E-19	
      65,       5,      1.542392E-18,     -5.694513E-19,      7.497133E-04,      7.414080E-05,      1.714023E-05,     -8.359694E-19	


       Node,    Mode,   Dis
       1,       6,      0.000000E+00,      0.000000E+00,      1.213756E-17,      0.000000E+00,      0.000000E+00,      0.000000E+00	
      17,       6,      0.000000E+00,      0.000000E+00,     -1.381672E-17,      0.000000E+00,      0.000000E+00,      0.000000E+00	
      33,       6,      7.023462E-19,     -2.641061E-18,      2.101693E-17,     -4.215459E-19,     -3.816198E-19,     -1.455866E-18	
      34,       6,      1.810949E-18,     -4.879945E-18,      2.112006E-17,     -3.276801E-19,      5.176885E-19,     -3.772516E-18	
      41,       6,      3.516488E-19,     -2.257927E-17,      1.569456E-17,      2.901380E-19,      2.207680E-19,     -1.704415E-18	
      49,       6,      3.481748E-19,     -3.010736E-17,      1.114853E-17,      9.972127E-19,      9.966239E-19,      1.252356E-18	
      57,       6,     -1.561282E-18,     -2.140410E-17,      6.017906E-18,      1.700713E-18,      5.891131E-19,      1.825073E-18	
      65,       6,     -1.153085E-18,      1.789761E-18,      3.736720E-19,      2.403063E-18,      1.302095E-18,      3.417146E-18	


       Node,    Mode,   Dis
       1,       7,      0.000000E+00,      0.000000E+00,     -2.378816E-09,      0.000000E+00,      0.000000E+00,      0.000000E+00	
      17,       7,      0.000000E+00,      0.000000E+00,      2.378816E-09,      0.000000E+00,      0.000000E+00,      0.000000E+00	
      33,       7,     -4.656981E-18,      4.087689E-18,      1.250540E-03,      1.124750E-04,      7.317032E-05,     -3.824370E-18	
      34,       7,     -5.427625E-18,      1.895906E-19,      1.177326E-03,      1.054453E-04,      7.330273E-05,     -4.002507E-18	
      41,       7,      7.770715E-18,     -8.395745E-19,      6.487452E-04,      5.623749E-05,      7.842305E-05,      1.230949E-18	
      49,       7,      3.760944E-18,     -3.703236E-18,      7.677073E-16,      3.079919E-17,      8.254828E-05,      1.522988E-18	
      57,       7,     -2.657194E-18,      7.637994E-18,     -6.487452E-04,     -5.623749E-05,      7.842305E-05,      2.647921E-18	
      65,       7,     -8.594690E-18,     -1.875971E-18,     -1.250540E-03,     -1.124750E-04,      7.317032E-05,     -9.169526E-19	


       Node,    Mode,   Dis
       1,       8,      0.000000E+00,      0.000000E+00,      3.241606E-18,      0.000000E+00,      0.000000E+00,      0.000000E+00	
      17,       8,      0.000000E+00,      0.000000E+00,     -6.155527E-18,      0.000000E+00,      0.000000E+00,      0.000000E+00	
      33,       8,      2.858810E-18,      1.469519E-04,      9.368924E-18,      4.699547E-18,      2.670576E-17,      2.279942E-04	
      34,       8,     -1.822160E-18,      3.733796E-04,     -9.691091E-18,      3.505282E-18,      3.581867E-18,      2.232947E-04	
      41,       8,      1.078371E-17,      1.273787E-03,     -1.945759E-18,     -5.003793E-18,      6.088804E-18,     -1.024657E-05	
      49,       8,     -1.689349E-17,      1.147549E-16,      8.613154E-18,     -1.473052E-17,      2.956128E-17,     -2.439721E-04	
      57,       8,      6.278188E-18,     -1.273787E-03,      1.428491E-17,     -2.445102E-17,      8.671687E-18,     -1.024657E-05	
      65,       8,      7.635940E-18,     -1.469519E-04,     -3.788518E-17,     -3.420631E-17,     -2.182269E-18,      2.279942E-04	


       Node,    Mode,   Dis
       1,       9,      0.000000E+00,      0.000000E+00,     -2.709045E-18,      0.000000E+00,      0.000000E+00,      0.000000E+00	
      17,       9,      0.000000E+00,      0.000000E+00,      4.441795E-18,      0.000000E+00,      0.000000E+00,      0.000000E+00	
      33,       9,      5.301738E-05,     -3.958838E-17,     -3.474804E-16,      3.293748E-17,     -2.484246E-17,      6.614723E-17	
      34,       9,      3.474104E-05,      2.238038E-17,     -3.129431E-16,      3.205696E-17,     -5.551880E-17,      5.302047E-17	
      41,       9,     -9.302821E-05,      1.849268E-18,      1.231134E-16,      2.587037E-17,     -5.267776E-17,     -9.893887E-19	
      49,       9,     -2.220074E-04,     -3.403268E-18,      3.001176E-16,      1.880917E-17,     -3.378508E-17,      3.581210E-18	
      57,       9,     -3.102586E-04,      6.460707E-17,      5.352765E-17,      1.173960E-17,      6.095322E-17,      3.458710E-18	
      65,       9,     -3.415917E-04,     -8.057288E-17,     -3.905834E-16,      4.658559E-18,      6.319648E-17,     -5.315281E-17	


       Node,    Mode,   Dis
       1,      10,      0.000000E+00,      0.000000E+00,     -7.016792E-10,      0.000000E+00,      0.000000E+00,      0.000000E+00	
      17,      10,      0.000000E+00,      0.000000E+00,     -7.016792E-10,      0.000000E+00,      0.000000E+00,      0.000000E+00	
      33,      10,      6.874025E-19,     -8.663446E-17,      1.223079E-03,      8.723266E-05,      2.087049E-04,     -1.403178E-17	
      34,      10,      2.372154E-17,     -8.828791E-17,      1.014553E-03,      8.723266E-05,      2.081673E-04,      2.264575E-17	
      41,      10,     -9.256527E-17,      4.997168E-17,     -3.217346E-04,      8.723266E-05,      1.582002E-04,      6.143483E-17	
      49,      10,     -1.388631E-17,      8.147703E-17,     -1.003425E-03,      8.723266E-05,     -1.413602E-17,     -3.533438E-17	
      57,      10,     -5.148666E-17,     -7.091281E-17,     -3.217346E-04,      8.723266E-05,     -1.582002E-04,     -3.488746E-17	
      65,      10,     -2.382679E-16,      3.998227E-17,      1.223079E-03,      8.723266E-05,     -2.087049E-04,      8.680070E-17	


       Node,    Mode,   Dis
       1,      11,      0.000000E+00,      0.000000E+00,     -5.789293E-19,      0.000000E+00,      0.000000E+00,      0.000000E+00	
      17,      11,      0.000000E+00,      0.000000E+00,      1.306475E-18,      0.000000E+00,      0.000000E+00,      0.000000E+00	
      33,      11,      3.408547E-16,      8.235651E-17,      5.415556E-17,     -9.545340E-17,     -6.309304E-17,     -1.668324E-16	
      34,      11,      1.339132E-16,     -8.342621E-17,      8.377080E-17,     -9.359054E-17,      3.846850E-17,     -1.638185E-16	
      41,      11,      1.613432E-16,     -3.449857E-17,     -1.016574E-16,     -8.091103E-17,      1.300003E-17,     -8.496199E-18	
      49,      11,     -1.055008E-16,      2.440616E-16,      4.038866E-17,     -6.632668E-17,      1.512398E-16,     -3.521997E-17	
      57,      11,     -1.607441E-16,     -1.326489E-16,      1.081377E-16,     -5.173036E-17,      8.853610E-17,     -1.185060E-17	
      65,      11,      4.112005E-17,      4.782736E-17,     -1.114626E-17,     -3.713782E-17,      1.058393E-17,      4.076928E-17	


       Node,    Mode,   Dis
       1,      12,      0.000000E+00,      0.000000E+00,     -1.331884E-18,      0.000000E+00,      0.000000E+00,      0.000000E+00	
      17,      12,      0.000000E+00,      0.000000E+00,      2.419125E-18,      0.000000E+00,      0.000000E+00,      0.000000E+00	
      33,      12,      2.122506E-16,      6.342778E-04,      1.244267E-16,     -1.564587E-18,     -3.514740E-18,      1.963385E-04	
      34,      12,      2.821811E-16,      8.262109E-04,      1.223343E-16,      1.293408E-18,      1.206525E-17,      1.831225E-04	
      41,      12,     -1.694494E-17,      6.764736E-04,     -1.239576E-17,      2.110749E-17,      3.457651E-17,     -2.486272E-04	
      49,      12,     -1.746950E-16,     -1.069905E-03,     -5.424052E-17,      4.376194E-17,     -9.512484E-17,      4.610259E-17	
      57,      12,     -1.621025E-16,      6.764736E-04,      8.373904E-18,      6.637973E-17,     -6.314961E-17,      2.486272E-04	
      65,      12,      2.615546E-16,      6.342778E-04,      1.030120E-16,      8.906183E-17,      4.270182E-17,     -1.963385E-04	


       Node,    Mode,   Dis
       1,      13,      0.000000E+00,      0.000000E+00,      1.104735E-18,      0.000000E+00,      0.000000E+00,      0.000000E+00	
      17,      13,      0.000000E+00,      0.000000E+00,     -2.033033E-18,      0.000000E+00,      0.000000E+00,      0.000000E+00	
      33,      13,     -1.226971E-03,     -1.451631E-16,     -5.439546E-17,      1.186196E-16,      2.163440E-16,      4.187478E-16	
      34,      13,     -1.211450E-03,      2.212207E-16,     -1.737600E-16,      1.097449E-16,     -7.425566E-17,      2.618544E-16	
      41,      13,     -8.137450E-04,      3.214593E-16,      7.199749E-17,      4.782411E-17,      4.606436E-17,     -1.451985E-16	
      49,      13,      5.207836E-05,     -6.724623E-18,     -1.293757E-16,     -2.295481E-17,      7.090263E-17,      2.743824E-17	
      57,      13,      8.889362E-04,      1.358322E-16,      1.914607E-16,     -9.368544E-17,      3.508049E-17,     -4.507538E-17	
      65,      13,      1.231376E-03,      1.302108E-16,     -1.298870E-16,     -1.645203E-16,     -1.640077E-16,      2.858206E-16	


       Node,    Mode,   Dis
       1,      14,      0.000000E+00,      0.000000E+00,      5.321114E-19,      0.000000E+00,      0.000000E+00,      0.000000E+00	
      17,      14,      0.000000E+00,      0.000000E+00,     -9.111521E-19,      0.000000E+00,      0.000000E+00,      0.000000E+00	
      33,      14,      3.462337E-16,     -1.201307E-03,     -6.547507E-17,     -2.376502E-16,     -2.228524E-16,      1.197865E-04	
      34,      14,     -5.843908E-16,     -1.078074E-03,      6.600859E-17,     -2.289123E-16,      5.246524E-17,      1.301241E-04	
      41,      14,      1.857594E-17,      3.139048E-04,     -5.129690E-17,     -1.674879E-16,      1.551559E-17,      1.820889E-04	
      49,      14,     -4.122253E-17,     -5.392710E-17,      1.768565E-17,     -9.727807E-17,     -1.575295E-16,     -2.000575E-04	
      57,      14,      8.000483E-17,     -3.139048E-04,      1.534000E-17,     -2.701029E-17,      1.187625E-16,      1.820889E-04	
      65,      14,      2.112870E-16,      1.201307E-03,     -1.154691E-16,      4.316412E-17,      9.086427E-17,      1.197865E-04	


       Node,    Mode,   Dis
       1,      15,      0.000000E+00,      0.000000E+00,     -2.214409E-19,      0.000000E+00,      0.000000E+00,      0.000000E+00	
      17,      15,      0.000000E+00,      0.000000E+00,      4.020494E-19,      0.000000E+00,      0.000000E+00,      0.000000E+00	
      33,      15,      4.457633E-17,      1.150678E-03,      3.621505E-15,     -3.125217E-15,      2.707162E-15,     -3.971611E-04	
      34,      15,     -3.619821E-16,      7.547388E-04,      8.688150E-16,     -2.922233E-15,      2.842859E-15,     -3.934946E-04	
      41,      15,     -1.344881E-16,     -7.102510E-04,     -1.181300E-14,     -1.501308E-15,      2.925978E-16,      9.440372E-05	
      49,      15,     -2.499104E-16,      8.150308E-04,     -2.044078E-16,      1.226230E-16,     -2.649441E-15,     -3.059631E-18	
      57,      15,      3.262372E-16,     -7.102510E-04,      1.192619E-14,      1.746511E-15,      1.391699E-16,     -9.440372E-05	
      65,      15,      5.613047E-16,      1.150678E-03,     -3.000234E-15,      3.370439E-15,      3.020094E-15,      3.971611E-04	


       Node,    Mode,   Dis
       1,      16,      0.000000E+00,      0.000000E+00,     -8.764025E-10,      0.000000E+00,      0.000000E+00,      0.000000E+00	
      17,      16,      0.000000E+00,      0.000000E+00,      8.764025E-10,      0.000000E+00,      0.000000E+00,      0.000000E+00	
      33,      16,      2.546344E-16,     -1.526862E-14,      2.564187E-04,     -2.318640E-04,      2.121351E-04,      5.041462E-15	
      34,      16,     -6.455759E-16,     -1.016470E-14,      4.543253E-05,     -2.173725E-04,      2.086882E-04,      5.228804E-15	
      41,      16,      2.953907E-16,      9.846809E-15,     -8.879183E-04,     -1.159320E-04,      1.844869E-05,     -1.383917E-15	
      49,      16,     -7.192515E-17,     -1.116647E-14,      3.881558E-16,     -2.542714E-16,     -1.855261E-04,      2.819730E-16	
      57,      16,      1.316792E-16,      9.503983E-15,      8.879183E-04,      1.159320E-04,      1.844869E-05,      1.112843E-15	
      65,      16,      5.332412E-16,     -1.550342E-14,     -2.564187E-04,      2.318640E-04,      2.121351E-04,     -4.973700E-15	


       Node,    Mode,   Dis
       1,      17,      0.000000E+00,      0.000000E+00,     -1.082922E-09,      0.000000E+00,      0.000000E+00,      0.000000E+00	
      17,      17,      0.000000E+00,      0.000000E+00,     -1.082922E-09,      0.000000E+00,      0.000000E+00,      0.000000E+00	
      33,      17,      5.224970E-16,     -1.388269E-15,     -7.973226E-04,     -4.960162E-04,     -4.634319E-05,      1.162977E-15	
      34,      17,      2.378157E-16,     -2.181801E-16,     -7.500256E-04,     -4.960162E-04,     -4.920477E-05,      1.183671E-15	
      41,      17,     -5.225254E-16,     -6.024994E-16,     -1.673905E-04,     -4.960162E-04,     -1.111737E-04,     -9.759170E-17	
      49,      17,     -6.791998E-16,      2.461628E-16,      4.196551E-04,     -4.960162E-04,     -5.103262E-17,      2.924528E-16	
      57,      17,     -6.987642E-16,     -1.295654E-15,     -1.673905E-04,     -4.960162E-04,      1.111737E-04,      1.967668E-16	
      65,      17,      9.096622E-16,      5.350355E-17,     -7.973226E-04,     -4.960162E-04,      4.634319E-05,      1.756741E-16	


       Node,    Mode,   Dis
       1,      18,      0.000000E+00,      0.000000E+00,     -4.876875E-19,      0.000000E+00,      0.000000E+00,      0.000000E+00	
      17,      18,      0.000000E+00,      0.000000E+00,      8.900990E-19,      0.000000E+00,      0.000000E+00,      0.000000E+00	
      33,      18,     -4.853157E-04,      1.119230E-15,      9.898886E-16,      6.857839E-16,      5.941614E-16,     -2.209049E-16	
      34,      18,     -3.815271E-04,      8.739986E-16,      4.626548E-16,      6.292913E-16,      3.920015E-16,     -2.945304E-16	
      41,      18,      4.570516E-04,      4.664026E-16,     -7.644618E-16,      2.326862E-16,     -3.956063E-17,     -6.326568E-16	
      49,      18,      6.825860E-04,      8.340689E-18,      6.280557E-16,     -2.204096E-16,     -1.229611E-16,      5.276081E-16	
      57,      18,     -1.624374E-04,      1.807294E-16,      2.663850E-16,     -6.737021E-16,      2.593351E-16,     -7.693998E-16	
      65,      18,     -7.526964E-04,      1.462744E-15,     -2.012606E-15,     -1.126855E-15,      2.264782E-16,      8.715880E-16	


       Node,    Mode,   Dis
       1,      19,      0.000000E+00,      0.000000E+00,     -1.378694E-19,      0.000000E+00,      0.000000E+00,      0.000000E+00	
      17,      19,      0.000000E+00,      0.000000E+00,      2.665372E-19,      0.000000E+00,      0.000000E+00,      0.000000E+00	
      33,      19,      1.056570E-15,     -5.240620E-04,     -2.427964E-15,     -4.018331E-16,     -1.904125E-16,      5.770919E-04	
      34,      19,     -3.278641E-16,      4.211067E-05,     -2.128472E-15,     -3.774233E-16,     -5.183159E-16,      5.443343E-04	
      41,      19,      1.865674E-16,      1.197324E-04,      2.160977E-15,     -2.067876E-16,     -2.437541E-16,     -4.736503E-04	
      49,      19,     -5.189077E-16,     -5.558090E-16,     -1.065342E-16,     -1.175159E-17,      4.201618E-16,      4.810707E-04	
      57,      19,      1.440028E-15,     -1.197324E-04,     -1.848802E-15,      1.832802E-16,     -1.841573E-16,     -4.736503E-04	
      65,      19,      1.677603E-15,      5.240620E-04,      2.859080E-15,      3.782672E-16,     -6.990457E-16,      5.770919E-04	


       Node,    Mode,   Dis
       1,      20,      0.000000E+00,      0.000000E+00,     -7.442461E-10,      0.000000E+00,      0.000000E+00,      0.000000E+00	
      17,      20,      0.000000E+00,      0.000000E+00,      7.442461E-10,      0.000000E+00,      0.000000E+00,      0.000000E+00	
      33,      20,      6.609953E-15,     -4.011135E-16,     -1.348558E-03,     -4.444619E-04,     -3.188797E-04,     -1.597912E-16	
      34,      20,      5.778136E-15,     -5.215315E-16,     -1.029901E-03,     -4.166830E-04,     -3.182122E-04,     -4.191514E-17	
      41,      20,      1.374245E-15,     -3.313194E-16,      7.335841E-04,     -2.222309E-04,     -1.148004E-04,      9.793886E-16	
      49,      20,     -5.968177E-15,     -4.981365E-16,      6.057039E-17,     -1.816791E-16,      2.181792E-04,     -9.929827E-16	
      57,      20,     -5.970385E-16,      3.817712E-16,     -7.335841E-04,      2.222309E-04,     -1.148004E-04,      9.528347E-16	
      65,      20,      7.567415E-15,     -4.226820E-16,      1.348558E-03,      4.444619E-04,     -3.188797E-04,     -1.131050E-16	


       Node,    Mode,   Dis
       1,      21,      0.000000E+00,      0.000000E+00,      2.331778E-19,      0.000000E+00,      0.000000E+00,      0.000000E+00	
      17,      21,      0.000000E+00,      0.000000E+00,     -4.347592E-19,      0.000000E+00,      0.000000E+00,      0.000000E+00	
      33,      21,      1.076173E-03,      1.081801E-15,      7.611606E-15,      1.885272E-15,      1.313010E-15,     -1.267538E-15	
      34,      21,      1.084237E-03,      4.937008E-17,      6.193552E-15,      1.740872E-15,      1.628414E-15,     -5.621615E-16	
      41,      21,      1.117419E-04,      2.642343E-16,     -4.647274E-15,      7.286407E-16,      8.854066E-16,     -3.475689E-16	
      49,      21,     -1.083848E-03,      9.478866E-16,      1.172959E-16,     -4.280298E-16,     -1.324930E-15,      7.018240E-16	
      57,      21,     -3.730594E-05,     -1.778902E-16,      4.267781E-15,     -1.584563E-15,      5.860259E-16,     -1.347433E-16	
      65,      21,      1.086410E-03,      8.770675E-16,     -8.439310E-15,     -2.741170E-15,      2.355428E-15,      2.905564E-16	


       Node,    Mode,   Dis
       1,      22,      0.000000E+00,      0.000000E+00,     -5.295256E-19,      0.000000E+00,      0.000000E+00,      0.000000E+00	
      17,      22,      0.000000E+00,      0.000000E+00,      9.772411E-19,      0.000000E+00,      0.000000E+00,      0.000000E+00	
      33,      22,     -8.228640E-16,      6.992533E-16,     -2.439127E-15,     -9.547282E-16,     -1.065010E-15,     -1.490598E-15	
      34,      22,      6.331859E-16,     -6.544148E-16,     -1.472742E-15,     -8.868850E-16,     -7.705114E-16,     -1.080636E-15	
      41,      22,     -5.922974E-16,     -1.506140E-15,      9.894392E-16,     -4.113914E-16,      9.381682E-17,      3.709182E-16	
      49,      22,     -4.763243E-16,     -4.760171E-16,      1.819003E-17,      1.320598E-16,      2.585764E-16,     -7.253153E-16	
      57,      22,      4.692114E-16,     -1.472066E-16,     -8.535443E-16,      6.752309E-16,     -6.192269E-17,      6.892137E-17	
      65,      22,     -2.755310E-15,     -3.656702E-15,      2.423530E-15,      1.218653E-15,     -6.267644E-16,     -2.856825E-15	


       Node,    Mode,   Dis
       1,      23,      0.000000E+00,      0.000000E+00,     -1.350717E-19,      0.000000E+00,      0.000000E+00,      0.000000E+00	
      17,      23,      0.000000E+00,      0.000000E+00,      2.476567E-19,      0.000000E+00,      0.000000E+00,      0.000000E+00	
      33,      23,      1.882594E-15,      3.304540E-05,      2.531175E-15,      1.314236E-16,      1.143868E-15,      5.696612E-04	
      34,      23,      1.768250E-15,      5.798596E-04,      1.227765E-15,      1.503731E-16,      1.622749E-15,      5.011201E-04	
      41,      23,     -1.137492E-16,     -8.396745E-04,     -8.205554E-16,      2.838791E-16,      2.027109E-16,     -4.060372E-04	
      49,      23,      3.352866E-16,      1.179897E-03,      2.057735E-15,      4.365081E-16,     -1.049012E-15,     -1.843072E-15	
      57,      23,      2.500471E-16,     -8.396745E-04,     -2.177591E-15,      5.889486E-16,      5.866518E-16,      4.060372E-04	
      65,      23,     -3.506790E-15,      3.304540E-05,      2.253266E-15,      7.415761E-16,     -9.012230E-16,     -5.696612E-04	


       Node,    Mode,   Dis
       1,      24,      0.000000E+00,      0.000000E+00,     -3.647876E-20,      0.000000E+00,      0.000000E+00,      0.000000E+00	
      17,      24,      0.000000E+00,      0.000000E+00,      5.940222E-20,      0.000000E+00,      0.000000E+00,      0.000000E+00	
      33,      24,     -1.187554E-03,      1.807076E-15,      4.450317E-16,     -8.359149E-16,      3.888443E-16,     -1.295419E-15	
      34,      24,     -1.045299E-03,      8.014770E-16,      1.500929E-16,     -8.451937E-16,      1.065363E-16,     -4.260249E-16	
      41,      24,      1.031615E-03,     -1.524590E-15,     -4.645302E-16,     -9.112190E-16,      5.967226E-16,     -8.535079E-16	
      49,      24,     -1.682312E-04,      1.315521E-15,      1.259367E-15,     -9.865732E-16,      3.857024E-16,     -6.834959E-17	
      57,      24,     -8.105190E-04,      7.419567E-16,     -8.430913E-16,     -1.061979E-15,      3.449513E-16,      7.859414E-16	
      65,      24,      1.233445E-03,      4.186159E-16,      4.797835E-16,     -1.137377E-15,      7.974488E-17,      1.099919E-15	


       Node,    Mode,   Dis
       1,      25,      0.000000E+00,      0.000000E+00,      3.174451E-10,      0.000000E+00,      0.000000E+00,      0.000000E+00	
      17,      25,      0.000000E+00,      0.000000E+00,      3.174451E-10,      0.000000E+00,      0.000000E+00,      0.000000E+00	
      33,      25,      3.807249E-15,      5.064500E-15,      1.023952E-03,      8.846405E-05,      5.132469E-04,     -4.122965E-15	
      34,      25,      1.824641E-15,      1.274661E-15,      5.146691E-04,      8.846405E-05,      5.013539E-04,     -3.123856E-15	
      41,      25,     -6.223801E-15,     -3.409999E-15,     -9.662504E-04,      8.846405E-05,     -1.928695E-04,     -1.435947E-16	
      49,      25,      3.125925E-15,     -2.357377E-15,      1.197006E-03,      8.846405E-05,      1.375660E-15,     -1.133758E-15	
      57,      25,     -3.767454E-15,      6.125511E-15,     -9.662504E-04,      8.846405E-05,      1.928695E-04,      1.272106E-15	
      65,      25,     -2.055115E-15,     -5.016588E-15,      1.023952E-03,      8.846405E-05,     -5.132469E-04,      2.223068E-16	


       Node,    Mode,   Dis
       1,      26,      0.000000E+00,      0.000000E+00,     -3.444499E-20,      0.000000E+00,      0.000000E+00,      0.000000E+00	
      17,      26,      0.000000E+00,      0.000000E+00,      5.501154E-20,      0.000000E+00,      0.000000E+00,      0.000000E+00	
      33,      26,      7.576522E-15,      9.032896E-04,     -5.795576E-15,     -4.776734E-16,     -3.754868E-15,      1.158014E-04	
      34,      26,      6.720077E-15,      9.942930E-04,     -2.404328E-15,     -3.795053E-16,     -2.664192E-15,      4.140746E-05	
      41,      26,     -1.059149E-14,     -7.648776E-04,      4.392328E-15,      3.092721E-16,      5.657725E-16,      1.238142E-04	
      49,      26,      9.668809E-15,     -1.120944E-15,     -5.917018E-15,      1.096321E-15,     -1.616931E-15,     -4.442787E-04	
      57,      26,     -9.355085E-15,      7.648776E-04,      4.936788E-15,      1.883379E-15,     -9.055892E-16,      1.238142E-04	
      65,      26,      6.469979E-15,     -9.032896E-04,     -1.740495E-15,      2.670573E-15,     -2.784192E-17,      1.158014E-04	


       Node,    Mode,   Dis
       1,      27,      0.000000E+00,      0.000000E+00,      6.017448E-20,      0.000000E+00,      0.000000E+00,      0.000000E+00	
      17,      27,      0.000000E+00,      0.000000E+00,     -1.210659E-19,      0.000000E+00,      0.000000E+00,      0.000000E+00	
      33,      27,      4.244872E-04,      1.638802E-14,     -4.587890E-15,     -2.635248E-16,     -1.976184E-15,     -9.615741E-15	
      34,      27,      1.298173E-04,      6.866561E-15,     -2.577307E-15,     -2.528031E-16,     -2.080409E-15,     -9.332528E-15	
      41,      27,     -6.090824E-04,      8.556338E-15,      5.360702E-15,     -1.778530E-16,      1.965400E-15,      3.244434E-15	
      49,      27,      7.510229E-04,     -8.276566E-15,     -5.789616E-15,     -9.253274E-17,     -1.237175E-15,      4.118419E-15	
      57,      27,     -8.403684E-04,     -5.403078E-15,      2.138124E-15,     -6.924653E-18,      4.407335E-16,     -8.233132E-15	
      65,      27,      8.708621E-04,      2.904611E-14,     -3.886297E-15,      7.847021E-17,      3.219525E-15,      9.875435E-15	


       Node,    Mode,   Dis
       1,      28,      0.000000E+00,      0.000000E+00,      1.083602E-19,      0.000000E+00,      0.000000E+00,      0.000000E+00	
      17,      28,      0.000000E+00,      0.000000E+00,     -1.944170E-19,      0.000000E+00,      0.000000E+00,      0.000000E+00	
      33,      28,      2.042336E-14,     -1.235423E-03,     -1.209630E-17,      6.097920E-16,      1.296998E-16,      4.313801E-04	
      34,      28,      1.775563E-14,     -7.980663E-04,     -1.524743E-16,      6.281243E-16,      1.625241E-16,      4.493095E-04	
      41,      28,     -2.336468E-14,     -6.280546E-05,      2.405935E-15,      7.555460E-16,      9.598378E-16,     -3.474914E-04	
      49,      28,      2.641997E-14,      6.108973E-04,     -2.443754E-15,      9.011262E-16,     -8.894008E-16,     -1.521550E-15	
      57,      28,     -2.667681E-14,     -6.280546E-05,     -4.299272E-16,      1.046792E-15,      6.210375E-16,      3.474914E-04	
      65,      28,      3.019506E-14,     -1.235423E-03,     -4.013048E-17,      1.192232E-15,      1.453122E-15,     -4.313801E-04	


       Node,    Mode,   Dis
       1,      29,      0.000000E+00,      0.000000E+00,      3.441904E-20,      0.000000E+00,      0.000000E+00,      0.000000E+00	
      17,      29,      0.000000E+00,      0.000000E+00,     -5.758381E-20,      0.000000E+00,      0.000000E+00,      0.000000E+00	
      33,      29,     -1.026404E-03,     -8.201299E-15,      5.033257E-15,     -2.883705E-15,      4.021574E-15,     -1.428016E-15	
      34,      29,     -1.041089E-03,     -8.858254E-15,      8.027815E-16,     -2.648488E-15,      4.649716E-15,      8.852174E-16	
      41,      29,      1.039067E-03,     -1.229767E-15,     -5.578151E-16,     -1.000538E-15,     -1.686650E-15,     -5.312249E-15	
      49,      29,     -1.048144E-03,      1.043132E-14,      8.014693E-16,      8.829125E-16,      8.088422E-16,      1.846452E-15	
      57,      29,      1.053602E-03,     -3.742434E-15,     -2.861266E-15,      2.766135E-15,     -2.251178E-15,      5.073818E-16	
      65,      29,     -1.055424E-03,     -2.403641E-14,     -6.723929E-16,      4.649562E-15,      4.296252E-15,     -6.518002E-15	


       Node,    Mode,   Dis
       1,      30,      0.000000E+00,      0.000000E+00,      6.100453E-20,      0.000000E+00,      0.000000E+00,      0.000000E+00	
      17,      30,      0.000000E+00,      0.000000E+00,     -1.198910E-19,      0.000000E+00,      0.000000E+00,      0.000000E+00	
      33,      30,     -4.869939E-15,      4.917806E-13,     -2.629237E-15,     -2.564800E-15,     -3.119878E-15,     -4.881805E-13	
      34,      30,     -2.824330E-15,      2.034668E-14,     -2.473090E-17,     -2.403177E-15,     -1.571801E-15,     -4.379417E-13	
      41,      30,      4.205605E-15,      5.768650E-13,      3.505829E-16,     -1.273550E-15,      8.145773E-16,      7.307917E-14	
      49,      30,     -5.159393E-15,      4.487031E-15,     -1.977603E-16,      1.760554E-17,     -3.571598E-15,      3.597531E-13	
      57,      30,      5.974560E-15,     -5.734539E-13,     -3.673499E-15,      1.308840E-15,     -7.995340E-16,      7.374877E-14	
      65,      30,     -1.369946E-14,     -4.880562E-13,      2.353933E-15,      2.600020E-15,      8.614259E-16,     -4.836886E-13	


       Node,    Mode,   Dis
       1,      31,      0.000000E+00,      0.000000E+00,      9.502728E-20,      0.000000E+00,      0.000000E+00,      0.000000E+00	
      17,      31,      0.000000E+00,      0.000000E+00,     -1.712330E-19,      0.000000E+00,      0.000000E+00,      0.000000E+00	
      33,      31,      1.937916E-15,      8.613180E-04,      4.659836E-15,      5.100744E-15,      5.421472E-15,     -8.509599E-04	
      34,      31,      7.220905E-16,      3.817477E-05,      9.630656E-17,      4.977744E-15,      2.849617E-15,     -7.675100E-04	
      41,      31,     -2.572014E-15,      1.009510E-03,     -6.678652E-16,      4.116268E-15,     -1.461059E-15,      1.290310E-04	
      49,      31,      5.911765E-15,     -6.674777E-16,      1.522761E-15,      3.131724E-15,      6.054624E-15,      6.321825E-04	
      57,      31,     -5.200086E-15,     -1.009510E-03,      3.556450E-15,      2.147386E-15,      7.290924E-16,      1.290310E-04	
      65,      31,      1.723141E-14,     -8.613180E-04,      1.935888E-15,      1.162784E-15,     -2.209825E-15,     -8.509599E-04	


       Node,    Mode,   Dis
       1,      32,      0.000000E+00,      0.000000E+00,     -5.710688E-10,      0.000000E+00,      0.000000E+00,      0.000000E+00	
      17,      32,      0.000000E+00,      0.000000E+00,      5.710688E-10,      0.000000E+00,      0.000000E+00,      0.000000E+00	
      33,      32,     -1.581422E-14,     -1.489531E-15,      2.114847E-04,      6.376077E-04,     -2.128867E-04,      1.332565E-15	
      34,      32,     -1.041343E-15,     -1.149535E-16,      4.176073E-04,      5.977572E-04,     -1.925947E-04,      1.459266E-15	
      41,      32,      1.138993E-14,      5.678423E-15,     -4.739460E-05,      3.188039E-04,      2.581353E-04,      2.801120E-15	
      49,      32,     -1.526082E-15,      1.477664E-15,      8.522524E-16,     -2.009138E-15,     -2.568211E-04,      1.540402E-15	
      57,      32,      4.389415E-15,     -1.592085E-15,      4.739460E-05,     -3.188039E-04,      2.581353E-04,      8.588868E-16	
      65,      32,     -7.432375E-15,     -5.374946E-15,     -2.114847E-04,     -6.376077E-04,     -2.128867E-04,      3.341059E-15	


       Node,    Mode,   Dis
       1,      33,      0.000000E+00,      0.000000E+00,      1.192368E-20,      0.000000E+00,      0.000000E+00,      0.000000E+00	
      17,      33,      0.000000E+00,      0.000000E+00,     -2.587503E-20,      0.000000E+00,      0.000000E+00,      0.000000E+00	
      33,      33,     -1.203719E-03,     -1.552451E-15,      2.611020E-15,     -4.323473E-15,      1.744133E-15,     -5.210823E-15	
      34,      33,     -9.209445E-04,     -5.491780E-15,      1.014767E-15,     -4.251890E-15,      1.299277E-15,     -1.397446E-15	
      41,      33,      6.969605E-04,     -4.664780E-15,      5.462036E-16,     -3.752859E-15,     -8.495683E-16,     -8.474759E-15	
      49,      33,      1.575101E-04,      8.680798E-15,      3.244199E-16,     -3.182420E-15,     -2.473433E-15,     -2.423715E-15	
      57,      33,     -9.333993E-04,      8.969224E-15,     -6.979574E-15,     -2.611972E-15,     -1.929321E-15,      1.805124E-16	
      65,      33,      1.243618E-03,      5.899374E-15,     -6.014101E-15,     -2.041524E-15,      9.121726E-15,      6.502641E-15	


       Node,    Mode,   Dis
       1,      34,      0.000000E+00,      0.000000E+00,     -6.004072E-10,      0.000000E+00,      0.000000E+00,      0.000000E+00	
      17,      34,      0.000000E+00,      0.000000E+00,     -6.004072E-10,      0.000000E+00,      0.000000E+00,      0.000000E+00	
      33,      34,      2.259327E-17,      1.475300E-15,      9.502883E-04,      8.765238E-04,      1.810759E-04,     -5.695854E-16	
      34,      34,     -8.284675E-17,      9.530463E-16,      7.658717E-04,      8.765238E-04,      1.910981E-04,     -4.277184E-16	
      41,      34,     -2.398269E-17,      3.485756E-17,     -4.490808E-04,      8.765238E-04,      1.274069E-05,     -2.532440E-16	
      49,      34,     -1.034981E-16,      1.110381E-15,      4.712557E-04,      8.765238E-04,     -2.224180E-16,     -5.152299E-16	
      57,      34,      1.636547E-16,      1.845958E-15,     -4.490808E-04,      8.765238E-04,     -1.274069E-05,      1.344337E-16	
      65,      34,     -1.275256E-16,      2.999696E-15,      9.502883E-04,      8.765238E-04,     -1.810759E-04,      2.041140E-15	


       Node,    Mode,   Dis
       1,      35,      0.000000E+00,      0.000000E+00,     -3.649735E-22,      0.000000E+00,      0.000000E+00,      0.000000E+00	
      17,      35,      0.000000E+00,      0.000000E+00,      2.430103E-21,      0.000000E+00,      0.000000E+00,      0.000000E+00	
      33,      35,      1.947272E-14,     -1.977467E-05,     -7.733338E-15,     -4.536009E-15,     -8.452880E-15,     -7.434878E-04	
      34,      35,      9.282067E-15,     -7.063509E-04,     -7.246478E-16,     -4.253746E-15,     -4.119154E-15,     -5.727532E-04	
      41,      35,     -4.498618E-16,      7.704928E-04,     -6.330903E-16,     -2.276603E-15,      5.569001E-16,     -5.329979E-04	
      49,      35,     -7.319031E-15,      1.094461E-03,     -9.772221E-16,     -1.697807E-17,     -6.072252E-15,      4.860395E-15	
      57,      35,      7.215388E-15,      7.704928E-04,     -1.772157E-15,      2.242620E-15,     -1.810045E-15,      5.329979E-04	
      65,      35,      1.222873E-14,     -1.977467E-05,      8.494044E-15,      4.502267E-15,     -5.535476E-15,      7.434878E-04	


       Node,    Mode,   Dis
       1,      36,      0.000000E+00,      0.000000E+00,     -1.149628E-20,      0.000000E+00,      0.000000E+00,      0.000000E+00	
      17,      36,      0.000000E+00,      0.000000E+00,      3.062562E-20,      0.000000E+00,      0.000000E+00,      0.000000E+00	
      33,      36,      1.020948E-03,     -8.844431E-15,     -3.042480E-14,     -1.274453E-14,     -1.718173E-14,      1.288236E-14	
      34,      36,      5.116220E-04,      3.677376E-15,     -1.333759E-14,     -1.187005E-14,     -1.689952E-14,      1.179970E-14	
      41,      36,      4.926144E-04,     -4.931115E-15,      7.048776E-15,     -5.748407E-15,      9.261633E-15,      1.648428E-15	
      49,      36,     -1.158701E-03,     -7.398228E-15,      3.823001E-15,      1.247885E-15,     -1.445140E-14,      1.834112E-15	
      57,      36,     -1.685994E-04,     -3.761101E-15,     -1.224288E-14,      8.244001E-15,      6.863036E-15,     -3.607586E-16	
      65,      36,      1.205848E-03,      9.418135E-15,      3.111613E-14,      1.524024E-14,     -1.184801E-14,     -6.407411E-16	


       Node,    Mode,   Dis
       1,      37,      0.000000E+00,      0.000000E+00,     -3.107695E-10,      0.000000E+00,      0.000000E+00,      0.000000E+00	
      17,      37,      0.000000E+00,      0.000000E+00,      3.107695E-10,      0.000000E+00,      0.000000E+00,      0.000000E+00	
      33,      37,      2.285015E-14,      6.540201E-14,      1.322903E-03,      5.706979E-04,      6.727893E-04,     -2.597764E-15	
      34,      37,      1.689333E-14,      5.856286E-14,      6.565064E-04,      5.350293E-04,      6.536106E-04,     -1.532158E-14	
      41,      37,     -3.850416E-15,      1.684968E-14,     -3.215595E-04,      2.853489E-04,     -4.419856E-04,      2.595706E-14	
      49,      37,     -2.327725E-14,      9.283069E-15,     -7.432929E-16,      3.418442E-15,      4.754034E-04,      2.489877E-14	
      57,      37,     -5.118200E-15,     -3.452069E-15,      3.215595E-04,     -2.853489E-04,     -4.419856E-04,      3.104522E-14	
      65,      37,      2.834351E-14,     -4.484196E-14,     -1.322903E-03,     -5.706979E-04,      6.727893E-04,      8.393264E-15	


       Node,    Mode,   Dis
       1,      38,      0.000000E+00,      0.000000E+00,      1.212520E-20,      0.000000E+00,      0.000000E+00,      0.000000E+00	
      17,      38,      0.000000E+00,      0.000000E+00,     -3.464902E-21,      0.000000E+00,      0.000000E+00,      0.000000E+00	
      33,      38,     -1.005085E-14,      1.000138E-03,     -7.471022E-14,     -2.578154E-14,     -3.169945E-14,     -7.013253E-05	
      34,      38,      3.963187E-15,      8.915574E-04,     -4.259061E-14,     -2.370226E-14,     -3.296138E-14,     -1.854770E-04	
      41,      38,     -4.336772E-15,      2.631880E-04,      2.159786E-14,     -9.148223E-15,      2.553779E-14,      4.265633E-04	
      49,      38,     -7.440458E-15,     -2.729312E-15,     -1.258001E-15,      7.484989E-15,     -1.772494E-14,      4.685403E-04	
      57,      38,     -4.224603E-15,     -2.631880E-04,     -1.002334E-14,      2.411814E-14,      2.955885E-14,      4.265633E-04	
      65,      38,     -3.425533E-15,     -1.000138E-03,      8.019438E-14,      4.075128E-14,     -4.502188E-14,     -7.013253E-05	


       Node,    Mode,   Dis
       1,      39,      0.000000E+00,      0.000000E+00,      3.900878E-20,      0.000000E+00,      0.000000E+00,      0.000000E+00	
      17,      39,      0.000000E+00,      0.000000E+00,     -6.289622E-20,      0.000000E+00,      0.000000E+00,      0.000000E+00	
      33,      39,     -2.354870E-06,      1.919955E-13,     -5.021626E-15,      4.830750E-15,     -2.563567E-15,     -9.945525E-14	
      34,      39,      5.233542E-04,      9.026730E-14,     -1.708787E-15,      4.791193E-15,     -4.810651E-15,     -1.062746E-13	
      41,      39,     -8.151971E-04,      1.025254E-13,     -1.130821E-16,      4.512789E-15,      2.661212E-15,     -2.575973E-14	
      49,      39,     -6.225757E-04,      1.080609E-13,      6.636701E-15,      4.194663E-15,      1.447578E-15,      1.903275E-15	
      57,      39,      3.379302E-04,      1.121918E-13,      7.603727E-15,      3.876660E-15,      1.238089E-15,      2.426133E-14	
      65,      39,      8.816332E-04,      2.138363E-13,      1.340451E-14,      3.558398E-15,     -1.344286E-14,      1.380026E-13	


       Node,    Mode,   Dis
       1,      40,      0.000000E+00,      0.000000E+00,     -6.052635E-21,      0.000000E+00,      0.000000E+00,      0.000000E+00	
      17,      40,      0.000000E+00,      0.000000E+00,      1.531107E-20,      0.000000E+00,      0.000000E+00,      0.000000E+00	
      33,      40,      1.031090E-15,      1.217141E-03,     -9.737468E-15,     -4.111781E-15,     -4.302060E-15,     -7.254022E-04	
      34,      40,     -9.298602E-14,      4.990731E-04,     -5.394935E-15,     -3.949711E-15,     -4.422863E-15,     -7.033979E-04	
      41,      40,      1.466714E-13,      6.455516E-04,      2.890259E-15,     -2.814249E-15,      2.185427E-15,     -1.284144E-04	
      49,      40,      1.091659E-13,      6.658917E-04,     -4.111221E-16,     -1.516424E-15,     -1.781549E-15,      2.036618E-15	
      57,      40,     -5.660462E-14,      6.455516E-04,      2.908704E-16,     -2.189151E-16,      2.202013E-15,      1.284144E-04	
      65,      40,     -1.550636E-13,      1.217141E-03,      5.347132E-15,      1.078743E-15,     -4.214701E-15,      7.254022E-04	


       Node,    Mode,   Dis
       1,      41,      0.000000E+00,      0.000000E+00,      5.236707E-21,      0.000000E+00,      0.000000E+00,      0.000000E+00	
      17,      41,      0.000000E+00,      0.000000E+00,     -8.409782E-21,      0.000000E+00,      0.000000E+00,      0.000000E+00	
      33,      41,     -1.116865E-03,     -1.113165E-14,      4.045934E-15,      7.477792E-15,      5.021147E-15,      9.428609E-15	
      34,      41,     -9.437466E-04,     -4.687656E-15,     -1.494083E-15,      7.267862E-15,      6.577221E-15,      4.733338E-16	
      41,      41,     -7.229552E-04,     -2.171950E-15,     -8.081135E-16,      5.797772E-15,      3.891926E-15,     -1.948419E-14	
      49,      41,      6.521882E-05,      2.578511E-15,     -3.791872E-15,      4.117820E-15,      9.870023E-15,     -2.603555E-14	
      57,      41,      8.178257E-04,     -1.829420E-14,      7.937974E-15,      2.437656E-15,      5.756650E-15,     -1.276309E-14	
      65,      41,      1.124430E-03,     -3.413379E-14,      3.170236E-15,      7.573799E-16,     -7.975819E-15,     -5.762092E-15	


       Node,    Mode,   Dis
       1,      42,      0.000000E+00,      0.000000E+00,     -1.799216E-20,      0.000000E+00,      0.000000E+00,      0.000000E+00	
      17,      42,      0.000000E+00,      0.000000E+00,      3.307019E-20,      0.000000E+00,      0.000000E+00,      0.000000E+00	
      33,      42,     -9.893554E-14,      4.272827E-14,     -1.207784E-14,     -8.019341E-15,     -1.041429E-14,     -9.082713E-14	
      34,      42,     -6.970126E-14,     -3.861735E-14,     -1.592062E-15,     -7.804570E-15,     -1.063005E-14,     -6.238376E-14	
      41,      42,     -7.761128E-14,      1.197241E-14,      6.198223E-16,     -6.301273E-15,     -8.022049E-16,     -6.138067E-14	
      49,      42,     -1.066700E-14,     -2.000580E-14,     -1.194873E-15,     -4.583183E-15,     -1.254376E-14,     -6.251777E-14	
      57,      42,      3.328795E-14,     -2.795385E-14,     -1.483172E-14,     -2.865247E-15,      1.544798E-15,     -5.070179E-14	
      65,      42,      5.250260E-14,     -7.553641E-14,      3.222641E-15,     -1.147205E-15,      8.420283E-15,     -7.860340E-14	


       Node,    Mode,   Dis
       1,      43,      0.000000E+00,      0.000000E+00,      1.398327E-21,      0.000000E+00,      0.000000E+00,      0.000000E+00	
      17,      43,      0.000000E+00,      0.000000E+00,     -8.923978E-22,      0.000000E+00,      0.000000E+00,      0.000000E+00	
      33,      43,     -8.534006E-15,     -5.820755E-04,     -2.078676E-15,      9.796376E-16,     -1.083750E-15,      1.079973E-03	
      34,      43,     -2.474627E-14,      4.208829E-04,     -1.123767E-15,      1.167902E-15,     -7.010684E-16,      8.489286E-04	
      41,      43,      2.205977E-14,     -1.393993E-04,      7.085474E-16,      2.484683E-15,     -7.546531E-15,      8.565666E-04	
      49,      43,      1.463084E-14,     -1.904558E-14,     -3.346826E-15,      3.989782E-15,      4.786829E-15,      8.633375E-04	
      57,      43,     -1.330762E-14,      1.393993E-04,      1.833095E-14,      5.494583E-15,     -3.465414E-15,      8.565666E-04	
      65,      43,     -2.648022E-14,      5.820755E-04,      1.444827E-14,      6.999229E-15,     -2.135313E-14,      1.079973E-03	


       Node,    Mode,   Dis
       1,      44,      0.000000E+00,      0.000000E+00,     -1.140978E-21,      0.000000E+00,      0.000000E+00,      0.000000E+00	
      17,      44,      0.000000E+00,      0.000000E+00,     -5.882628E-21,      0.000000E+00,      0.000000E+00,      0.000000E+00	
      33,      44,      1.185083E-03,      2.854523E-14,      5.003691E-15,     -1.368140E-14,      1.195566E-14,     -2.436776E-14	
      34,      44,      5.769379E-04,      4.687162E-15,     -6.418022E-15,     -1.398898E-14,      1.035155E-14,     -2.284005E-14	
      41,      44,      1.211570E-03,     -2.239439E-14,      3.650664E-15,     -1.614150E-14,      9.131929E-15,     -2.507549E-14	
      49,      44,      1.230606E-03,      1.228772E-15,      3.436284E-15,     -1.860169E-14,      6.045880E-15,      4.965569E-15	
      57,      44,      1.242074E-03,      1.029698E-14,      1.981708E-15,     -2.106188E-14,      4.687951E-15,      9.029711E-15	
      65,      44,      1.245905E-03,     -5.512481E-14,     -1.371647E-14,     -2.352220E-14,      3.710163E-15,     -5.947644E-14	


       Node,    Mode,   Dis
       1,      45,      0.000000E+00,      0.000000E+00,      2.002098E-20,      0.000000E+00,      0.000000E+00,      0.000000E+00	
      17,      45,      0.000000E+00,      0.000000E+00,      2.370706E-21,      0.000000E+00,      0.000000E+00,      0.000000E+00	
      33,      45,     -4.255194E-14,      6.238883E-04,     -3.110663E-14,      4.033401E-15,     -2.876461E-14,      3.290543E-04	
      34,      45,     -1.007578E-14,      8.732724E-04,     -2.709477E-15,      4.072735E-15,     -2.765964E-14,      9.004360E-05	
      41,      45,     -4.336276E-14,      6.421945E-04,     -2.372314E-14,      4.346768E-15,      2.070633E-14,      3.687077E-04	
      49,      45,      2.999858E-14,      7.730491E-04,      5.155261E-14,      4.660498E-15,     -4.658093E-15,     -9.239881E-15	
      57,      45,      9.143629E-14,      6.421945E-04,     -3.472265E-14,      4.974290E-15,     -1.975968E-14,     -3.687077E-04	
      65,      45,      8.999776E-14,      6.238883E-04,     -3.054508E-14,      5.288167E-15,      3.372463E-14,     -3.290543E-04	


       Node,    Mode,   Dis
       1,      46,      0.000000E+00,      0.000000E+00,     -2.291945E-10,      0.000000E+00,      0.000000E+00,      0.000000E+00	
      17,      46,      0.000000E+00,      0.000000E+00,     -2.291945E-10,      0.000000E+00,      0.000000E+00,      0.000000E+00	
      33,      46,     -3.294710E-14,      3.401634E-14,      8.025946E-04,     -9.023352E-05,      7.655176E-04,      6.387598E-15	
      34,      46,      7.203777E-15,      3.681873E-14,      5.608255E-05,     -9.023352E-05,      7.085011E-04,     -4.367785E-15	
      41,      46,     -1.756422E-14,      1.856812E-14,      6.687942E-04,     -9.023352E-05,     -4.801056E-04,     -9.525460E-15	
      49,      46,     -1.506611E-14,      1.231993E-14,     -1.152592E-03,     -9.023352E-05,     -1.462591E-14,      3.192630E-16	
      57,      46,      2.607556E-14,      3.278346E-14,      6.687942E-04,     -9.023352E-05,      4.801056E-04,     -5.006689E-15	
      65,      46,      2.577716E-14,      3.719881E-14,      8.025946E-04,     -9.023352E-05,     -7.655176E-04,     -8.200390E-15	


       Node,    Mode,   Dis
       1,      47,      0.000000E+00,      0.000000E+00,      9.235748E-22,      0.000000E+00,      0.000000E+00,      0.000000E+00	
      17,      47,      0.000000E+00,      0.000000E+00,      7.505759E-21,      0.000000E+00,      0.000000E+00,      0.000000E+00	
      33,      47,     -1.059662E-03,     -9.975935E-14,     -1.503371E-14,      2.899604E-14,     -2.904836E-14,      2.504456E-14	
      34,      47,     -1.868384E-04,     -6.980487E-14,      1.266165E-14,      2.802733E-14,     -2.498817E-14,      3.977384E-14	
      41,      47,     -4.504525E-04,     -4.746352E-14,     -3.292550E-14,      2.124584E-14,      7.320967E-15,      1.840848E-14	
      49,      47,      3.407753E-04,     -3.678100E-14,      2.412652E-14,      1.349600E-14,      8.392533E-15,     -4.459174E-15	
      57,      47,      9.943033E-04,     -2.085520E-14,     -2.087688E-15,      5.746061E-15,     -8.850984E-15,      6.369985E-14	
      65,      47,      1.246055E-03,     -1.014478E-14,     -1.142010E-14,     -2.003959E-15,      8.784993E-15,     -2.993107E-16	


       Node,    Mode,   Dis
       1,      48,      0.000000E+00,      0.000000E+00,      1.645386E-22,      0.000000E+00,      0.000000E+00,      0.000000E+00	
      17,      48,      0.000000E+00,      0.000000E+00,     -1.810373E-20,      0.000000E+00,      0.000000E+00,      0.000000E+00	
      33,      48,     -4.514402E-14,      1.161081E-03,     -7.944107E-15,     -3.074924E-14,      7.503819E-15,     -5.678348E-04	
      34,      48,      8.368767E-15,      5.797274E-04,     -1.470772E-14,     -2.959219E-14,      5.284797E-15,     -6.083908E-04	
      41,      48,      5.206641E-15,      3.746921E-04,      1.356209E-14,     -2.149176E-14,     -1.017223E-16,     -3.467282E-04	
      49,      48,     -7.189983E-15,     -3.806302E-14,     -3.747527E-15,     -1.223429E-14,     -4.930855E-15,     -4.770337E-04	
      57,      48,      1.204357E-14,     -3.746921E-04,     -8.028005E-15,     -2.976672E-15,      9.472990E-16,     -3.467282E-04	
      65,      48,      2.173308E-14,     -1.161081E-03,     -3.273948E-15,      6.281235E-15,      7.139275E-15,     -5.678348E-04	


       Node,    Mode,   Dis
       1,      49,      0.000000E+00,      0.000000E+00,     -1.936039E-20,      0.000000E+00,      0.000000E+00,      0.000000E+00	
      17,      49,      0.000000E+00,      0.000000E+00,      3.815097E-20,      0.000000E+00,      0.000000E+00,      0.000000E+00	
      33,      49,      6.875699E-04,     -1.921082E-14,      4.585362E-15,      1.087888E-15,      2.477537E-15,      2.828667E-14	
      34,      49,     -3.674335E-04,      7.144919E-15,      1.491672E-15,      1.241574E-15,      4.325370E-15,      2.249463E-14	
      41,      49,     -7.543617E-04,      1.899175E-14,      5.189283E-15,      2.317807E-15,     -6.853649E-16,      1.227908E-14	
      49,      49,     -1.038626E-03,      1.847468E-14,     -5.906733E-16,      3.547367E-15,     -2.378970E-15,      2.831882E-15	
      57,      49,      2.710185E-04,      9.758917E-15,     -4.211583E-16,      4.776737E-15,     -1.144857E-15,     -1.147039E-14	
      65,      49,      1.164749E-03,     -4.304695E-14,      2.450714E-15,      6.006643E-15,     -3.493516E-15,     -5.220679E-14	


       Node,    Mode,   Dis
       1,      50,      0.000000E+00,      0.000000E+00,     -3.201452E-20,      0.000000E+00,      0.000000E+00,      0.000000E+00	
      17,      50,      0.000000E+00,      0.000000E+00,      3.209705E-20,      0.000000E+00,      0.000000E+00,      0.000000E+00	
      33,      50,     -4.423960E-14,     -9.259657E-04,      4.791523E-15,     -3.426195E-14,      3.278165E-14,      1.246644E-03	
      34,      50,      8.081697E-15,      2.311137E-04,     -2.400762E-14,     -3.106006E-14,      2.083717E-14,      9.779497E-04	
      41,      50,     -1.638449E-14,      5.164348E-04,      5.142031E-14,     -8.644114E-15,     -3.708483E-15,      7.538178E-04	
      49,      50,      2.834647E-14,      9.774210E-04,     -8.525888E-15,      1.697448E-14,     -3.511278E-14,     -3.178303E-14	
      57,      50,     -2.793067E-15,      5.164348E-04,     -4.041034E-14,      4.259280E-14,      1.333291E-14,     -7.538178E-04	
      65,      50,     -8.364717E-14,     -9.259657E-04,      5.166638E-14,      6.821160E-14,      1.155250E-14,     -1.246644E-03	


