      35,      33,       0,       0,      50,       0                                                        ! 在两个百分号％中插入字符参数可以实现强制规制,是为了实现在字符串中插入可变化的子字符串


       1,      0.000000E+00,      0.000000E+00,      0.000000E+00	
      17,      3.200000E+01,      0.000000E+00,      0.000000E+00	
      33,      0.000000E+00,      1.698500E+01,      0.000000E+00	
      34,      1.000000E+00,      1.698500E+01,      0.000000E+00	
      35,      2.000000E+00,      1.698500E+01,      0.000000E+00	
      36,      3.000000E+00,      1.698500E+01,      0.000000E+00	
      37,      4.000000E+00,      1.698500E+01,      0.000000E+00	
      38,      5.000000E+00,      1.698500E+01,      0.000000E+00	
      39,      6.000000E+00,      1.698500E+01,      0.000000E+00	
      40,      7.000000E+00,      1.698500E+01,      0.000000E+00	
      41,      8.000000E+00,      1.698500E+01,      0.000000E+00	
      42,      9.000000E+00,      1.698500E+01,      0.000000E+00	
      43,      1.000000E+01,      1.698500E+01,      0.000000E+00	
      44,      1.100000E+01,      1.698500E+01,      0.000000E+00	
      45,      1.200000E+01,      1.698500E+01,      0.000000E+00	
      46,      1.300000E+01,      1.698500E+01,      0.000000E+00	
      47,      1.400000E+01,      1.698500E+01,      0.000000E+00	
      48,      1.500000E+01,      1.698500E+01,      0.000000E+00	
      49,      1.600000E+01,      1.698500E+01,      0.000000E+00	
      50,      1.700000E+01,      1.698500E+01,      0.000000E+00	
      51,      1.800000E+01,      1.698500E+01,      0.000000E+00	
      52,      1.900000E+01,      1.698500E+01,      0.000000E+00	
      53,      2.000000E+01,      1.698500E+01,      0.000000E+00	
      54,      2.100000E+01,      1.698500E+01,      0.000000E+00	
      55,      2.200000E+01,      1.698500E+01,      0.000000E+00	
      56,      2.300000E+01,      1.698500E+01,      0.000000E+00	
      57,      2.400000E+01,      1.698500E+01,      0.000000E+00	
      58,      2.500000E+01,      1.698500E+01,      0.000000E+00	
      59,      2.600000E+01,      1.698500E+01,      0.000000E+00	
      60,      2.700000E+01,      1.698500E+01,      0.000000E+00	
      61,      2.800000E+01,      1.698500E+01,      0.000000E+00	
      62,      2.900000E+01,      1.698500E+01,      0.000000E+00	
      63,      3.000000E+01,      1.698500E+01,      0.000000E+00	
      64,      3.100000E+01,      1.698500E+01,      0.000000E+00	
      65,      3.200000E+01,      1.698500E+01,      0.000000E+00	



      33
      34
      35
      36
      37
      38
      39
      40
      41
      42
      43
      44
      45
      46
      47
      48
      49
      50
      51
      52
      53
      54
      55
      56
      57
      58
      59
      60
      61
      62
      63
      64
      65

1
E:\毕业论文\第2章\验证VBC地震动输入\VBC\瑞利阻尼1_5_3倍
bridge_modalvectors_for_post.dat
50
1 5  0.05 0.05


Post
8
 1  1  1
 17 17 27
 33 33 33
 34 34 34
 41 41 41 
 49 49 49  
 57 57 57 
 65 65 65

0





