39,3


1,3               "CHR3动车" vehicletype 1
1,3
1,0,52e3
2,3
1,0,10.4e3
3,3
1,0,9.3e3


2,3
1,3
1,0,1100e3
2,3
1,0,10.4e3
3,3
1,0,15.6e3

3,3               "CHR3拖车" vehicletype 2
1,3
1,0,52e3
2,3
1,0,10.4e3
3,3
1,0,9.3e3


4,3
1,3
1,0,1100e3
2,3
1,0,10.4e3
3,3
1,0,15.6e3

5,3               "转K6货重(陆正刚)" vehicletype 33
1,3
1,0,200e3
2,3
1,0,5e3
3,3
1,0,200e3


6,3
1,3
1,0,200e3
2,3
1,0,50e3
3,3
1,0,200e3

7,3               "转K6货轻(陆正刚)" vehicletype 34
1,3
1,0,100e3
2,3
1,-1.5e6,5e3
3,3
1,0,100e3


8,3
1,3
1,0,100e3
2,3
1,0,30e3
3,3
1,0,100e3


9,3               "C62货重(西南交大)" vehicletype 35
1,3
1,0,50e3
2,3
1,1.0e6,5e3
3,3
1,0,50e3


10,3
1,3
1,0,50e3
2,3
1,0,30e3
3,3
1,0,50e3

11,3               "C62货轻(西南交大)" vehicletype 36
1,3
1,0,50e3
2,3
1,-1e6,5e3
3,3
1,0,50e3


12,3
1,3
1,0,50e3
2,3
1,-2.5e6,20e3
3,3
1,0,50e3



13,3               "准高速车" vehicletype 37
1,3
1,0,15e3
2,3
1,0,15e3
3,3
1,0,15e3


14,3
1,3
1,0,6.5e3
2,3
1,0,80e3
3,3
1,0,25e3




15,3               "DF六轴机车(西南交大)" vehicletype 31
1,3
1,9e6,15e3
2,3
1,0,15e3
3,3
1,0,15e3


16,3
1,3
1,0,6.5e3
2,3
1,0,70e3
3,3
1,0,50e3


17,3                 "CRH2-M动车" vehicletype 4
1,3
1,4E6,50e3
2,3
1,0,20e3
3,3
1,4E6,50e3


18,3
1,3
1,0,2700e3
2,3
1,0,40e3
3,3
1,0,58.8e3

19,3                 "CRH2-T拖车" vehicletype 6
1,3
1,4E6,50e3
2,3
1,0,20e3
3,3
1,4E6,50e3


20,3
1,3
1,0,2700e3
2,3
1,0,40e3
3,3
1,0,58.8e3


21,3                 "CRH2-M动车-空车" vehicletype 7
1,3
1,4E6,50e3
2,3
1,0,20e3
3,3
1,4E6,50e3


22,3
1,3
1,0,2700e3
2,3
1,0,40e3                   
3,3
1,0,58.8e3

23,3                 "CRH2-T拖车-空车" vehicletype 8
1,3
1,4E6,50e3
2,3
1,0,20e3
3,3
1,4E6,50e3


24,3
1,3
1,0,2700e3
2,3
1,0,40e3
3,3
1,0,58.8e3


25,3               "CHR3动车-空车" vehicletype 3
1,3
1,0,52e3
2,3
1,0,10.4e3
3,3
1,0,9.3e3


26,3
1,3
1,0,1100e3
2,3
1,0,10.4e3
3,3
1,0,15.6e3

27,3               "CHR3拖车-空车" vehicletype 4
1,3
1,0,52e3
2,3
1,0,10.4e3
3,3
1,0,9.3e3

28,3
1,3
1,0,1100e3
2,3
1,0,10.4e3
3,3
1,0,15.6e3

29,3               "地铁A型AW3" vehicletype 21
1,3
1,15E6,50e3
2,3
1,0,10e3
3,3
1,0,10e3

30,3                
1,3
1,0,100e3
2,3
1,0,22e3
3,3
1,0,50e3

31,3               "地铁A型AW0" vehicletype 22
1,3
1,15E6,50e3
2,3
1,0,10e3
3,3
1,0,10e3


32,3                
1,3
1,0,100e3
2,3
1,0,22e3
3,3
1,0,30e3



33,1               "地铁B型-满员"   vehicletype 23
2,3
1,0,4500


34,3
1,3
1,0,100e3
2,3
1,0,20000
3,3
1,0,35000


35,1               "地铁B型-空车"   vehicletype 24
2,3
1,0,4500


36,3
1,3
1,0,100e3
2,3
1,0,20000
3,3
1,0,15000

       37,      3	                      "悬挂式单轨-满员/空车"   vehicletype 25-26
       1,       3	
       1,       0,     9E3
       2,       3	
       1,       0e6,   28000
       3,       3	
       1,       0,     9E3	

       	
      38,       3	
       1,       3	
       1,       10e6,  1e3
       2,       3	
       1,       0,    2400
       3,       3	
       1,       0,     1e3	


      39,       3	
       1,       3	
       1,       0,       0
       2,       3	
       1,       0,  3.9718e+04
       3,       3	
       1,       0,  5.2819e+03





