1.25  0  3.1415926  !空气密度、平均风速、风向（与车辆坐标系Z轴夹角的弧度值）
-203   !风荷载开始的纵坐标X
1       !是否考虑脉动风效应
0.01 10 60 200 692  2  1  20  50  2.0   !脉动风参数 (粗糙度、基准高度、桥面高度、空间点数、空间距离、最高频率、随机种子、持续时间、平滑处理距离、时间


5       !车辆和桥梁所用的风荷载系数组数



3.5 3.38  1   !车辆高度、宽度，长度（对车辆可取单位长度或实际长度），第1组风系数:迎风侧（桥+单车） 
1              ! 阻力系数随风偏角的泰勒展开项数，对车辆采用风偏角，对桥梁采用风攻角
0.200        !阻力系数，
1 
0.093        !升力系数     采用西南交大物理风洞值 
1
-0.004       !侧滚力矩系数    采用西南交大物理风洞值  
1
0               !纵向阻力系数
1
0               !点头力矩系数
1
0               !摇头力矩系数

3.5 3.38  1      !车辆高度、宽度，长度，第2组风系数:背风侧（桥+单车） 
1
0.213        !阻力系数    
1 
0.126        !升力系数
1
-0.022        !侧滚力矩系数
1
0               !纵向阻力系数
1
0               !点头力矩系数
1
0               !摇头力矩系数


3.5 3.38  1      !车辆高度、宽度，长度，第3组风系数:迎风侧（桥+双车） 
1
0.224       !阻力系数     
1 
0.156        !升力系数
1
-0.063       !侧滚力矩系数
1
0               !纵向阻力系数
1
0               !点头力矩系数
1
0               !摇头力矩系数


3.5 3.38   1     !车辆高度、宽度，长度，第4组风系数:背风侧（桥+双车） 
1
0.092      !阻力系数  
1 
0.045        !升力系数
1
-0.020        !侧滚力矩系数
1
0               !纵向阻力系数
1
0               !点头力矩系数
1
0               !摇头力矩系数


5  68  1.0      !桥梁高度、宽度，长度，第5组风系数:桥，统一采用6分量形式  ，对桥梁取单位长度
2                 !阻力系数随风攻角的泰勒展开项数。对车辆采用风偏角，对桥梁采用风攻角
1.264    5.7  !阻力系数及斜率          
2                                        
-0.214   1.9     !升力系数及斜率 
2
-0.030   0.57   !侧滚力矩系数及斜率 
1
0               !纵向阻力系数
1
0               !点头力矩系数
1
0               !摇头力矩系数

2               !车辆所受风力系数沿着桥梁纵向的控制点数
-203   490   !风力系数沿着桥梁纵向的控制点X坐标

1  1	     ! 第1个行车工况的第1辆车采用的10个沿纵向编号的气动力系数，以下依次对每个行车工况的每辆车进行循环
2  2 
3  3 
4  4

1  221            !施加风荷载的桥梁节点组数，每组最大节点数。风力系数不同的节段节点分为不同组

5  221            !第1组桥梁节点采用的风荷载系数编号，该组节点个数，以下为风荷载作用的节点编号
1
2
3
4
5
6
7
8
9
10
11
12
13
14
15
16
17
18
19
20
21
22
23
24
25
26
27
28
29
30
31
32
33
34
35
36
37
38
39
40
41
42
43
44
45
46
47
48
49
50
51
52
53
54
55
56
57
58
59
60
61
62
63
64
65
66
67
68
69
70
71
72
73
74
75
76
77
78
79
80
81
82
83
84
85
86
87
88
89
90
91
92
93
94
95
96
97
98
99
100
101
102
103
104
105
106
107
108
109
110
111
112
113
114
115
2742
2743
2744
2745
2746
2747
2748
2749
2750
2751
2752
2753
2755
2756
2757
2758
2759
2760
2761
2762
2763
2764
2765
2766
2767
2768
2769
2770
2771
2772
2773
2774
2775
2776
2777
2778
2779
2780
2781
2782
2783
2784
2785
2786
2787
2788
2789
2790
2875
2876
2877
2878
2879
2880
2881
2882
2883
2884
2885
2886
2887
2888
2889
2890
2891
2892
2893
2894
2895
2896
2897
2898
2899
2900
2901
2902
2903
2904
2905
2906
2907
2908
2909
2910
2911
2912
2913
2914
2915
2916
2917
2918
2919
2920
2921
2922
2923
2924
2925
2926
2927
2928
2929
2930
2931
2932


 




