     580,     580,       0,       0,     100,       0


       1,      0.000000E+00,      0.000000E+00,      0.000000E+00	
       2,      3.260000E+01,      0.000000E+00,      0.000000E+00	
       3,      3.260000E+01,      0.000000E+00,      0.000000E+00	
       4,      6.520000E+01,      0.000000E+00,      0.000000E+00	
       5,      6.520000E+01,      0.000000E+00,      0.000000E+00	
       6,      9.780000E+01,      0.000000E+00,      0.000000E+00	
       7,      9.780000E+01,      0.000000E+00,      0.000000E+00	
       8,      1.304000E+02,      0.000000E+00,      0.000000E+00	
       9,      1.304000E+02,      0.000000E+00,      0.000000E+00	
      10,      1.630000E+02,      0.000000E+00,      0.000000E+00	
      11,      1.630000E+02,      0.000000E+00,      0.000000E+00	
      12,      1.956000E+02,      0.000000E+00,      0.000000E+00	
      13,      1.956000E+02,      0.000000E+00,      0.000000E+00	
      14,      2.282000E+02,      0.000000E+00,      0.000000E+00	
      15,      2.282000E+02,      0.000000E+00,      0.000000E+00	
      16,      2.608000E+02,      0.000000E+00,      0.000000E+00	
      17,      2.608000E+02,      0.000000E+00,      0.000000E+00	
      18,      2.934000E+02,      0.000000E+00,      0.000000E+00	
      19,      2.934000E+02,      0.000000E+00,      0.000000E+00	
      20,      3.260000E+02,      0.000000E+00,      0.000000E+00	
    1001,      3.300000E-01,      0.000000E+00,      0.000000E+00	
    1002,      5.500000E-01,      0.000000E+00,      0.000000E+00	
    1003,      1.000000E+00,      0.000000E+00,      0.000000E+00	
    1004,      1.600000E+00,      0.000000E+00,      0.000000E+00	
    1005,      2.200000E+00,      0.000000E+00,      0.000000E+00	
    1006,      2.800000E+00,      0.000000E+00,      0.000000E+00	
    1007,      3.400000E+00,      0.000000E+00,      0.000000E+00	
    1008,      4.000000E+00,      0.000000E+00,      0.000000E+00	
    1009,      4.600000E+00,      0.000000E+00,      0.000000E+00	
    1010,      5.200000E+00,      0.000000E+00,      0.000000E+00	
    1011,      5.800000E+00,      0.000000E+00,      0.000000E+00	
    1012,      6.400000E+00,      0.000000E+00,      0.000000E+00	
    1013,      7.000000E+00,      0.000000E+00,      0.000000E+00	
    1014,      7.600000E+00,      0.000000E+00,      0.000000E+00	
    1015,      8.200000E+00,      0.000000E+00,      0.000000E+00	
    1016,      8.800000E+00,      0.000000E+00,      0.000000E+00	
    1017,      9.400000E+00,      0.000000E+00,      0.000000E+00	
    1018,      1.000000E+01,      0.000000E+00,      0.000000E+00	
    1019,      1.060000E+01,      0.000000E+00,      0.000000E+00	
    1020,      1.120000E+01,      0.000000E+00,      0.000000E+00	
    1021,      1.180000E+01,      0.000000E+00,      0.000000E+00	
    1022,      1.240000E+01,      0.000000E+00,      0.000000E+00	
    1023,      1.300000E+01,      0.000000E+00,      0.000000E+00	
    1024,      1.360000E+01,      0.000000E+00,      0.000000E+00	
    1025,      1.420000E+01,      0.000000E+00,      0.000000E+00	
    1026,      1.480000E+01,      0.000000E+00,      0.000000E+00	
    1027,      1.540000E+01,      0.000000E+00,      0.000000E+00	
    1028,      1.600000E+01,      0.000000E+00,      0.000000E+00	
    1029,      1.660000E+01,      0.000000E+00,      0.000000E+00	
    1030,      1.720000E+01,      0.000000E+00,      0.000000E+00	
    1031,      1.780000E+01,      0.000000E+00,      0.000000E+00	
    1032,      1.840000E+01,      0.000000E+00,      0.000000E+00	
    1033,      1.900000E+01,      0.000000E+00,      0.000000E+00	
    1034,      1.960000E+01,      0.000000E+00,      0.000000E+00	
    1035,      2.020000E+01,      0.000000E+00,      0.000000E+00	
    1036,      2.080000E+01,      0.000000E+00,      0.000000E+00	
    1037,      2.140000E+01,      0.000000E+00,      0.000000E+00	
    1038,      2.200000E+01,      0.000000E+00,      0.000000E+00	
    1039,      2.260000E+01,      0.000000E+00,      0.000000E+00	
    1040,      2.320000E+01,      0.000000E+00,      0.000000E+00	
    1041,      2.380000E+01,      0.000000E+00,      0.000000E+00	
    1042,      2.440000E+01,      0.000000E+00,      0.000000E+00	
    1043,      2.500000E+01,      0.000000E+00,      0.000000E+00	
    1044,      2.560000E+01,      0.000000E+00,      0.000000E+00	
    1045,      2.620000E+01,      0.000000E+00,      0.000000E+00	
    1046,      2.680000E+01,      0.000000E+00,      0.000000E+00	
    1047,      2.740000E+01,      0.000000E+00,      0.000000E+00	
    1048,      2.800000E+01,      0.000000E+00,      0.000000E+00	
    1049,      2.860000E+01,      0.000000E+00,      0.000000E+00	
    1050,      2.920000E+01,      0.000000E+00,      0.000000E+00	
    1051,      2.980000E+01,      0.000000E+00,      0.000000E+00	
    1052,      3.040000E+01,      0.000000E+00,      0.000000E+00	
    1053,      3.100000E+01,      0.000000E+00,      0.000000E+00	
    1054,      3.160000E+01,      0.000000E+00,      0.000000E+00	
    1055,      3.227000E+01,      0.000000E+00,      0.000000E+00	
    1056,      3.205000E+01,      0.000000E+00,      0.000000E+00	
    2001,      3.293000E+01,      0.000000E+00,      0.000000E+00	
    2002,      3.315000E+01,      0.000000E+00,      0.000000E+00	
    2003,      3.360000E+01,      0.000000E+00,      0.000000E+00	
    2004,      3.420000E+01,      0.000000E+00,      0.000000E+00	
    2005,      3.480000E+01,      0.000000E+00,      0.000000E+00	
    2006,      3.540000E+01,      0.000000E+00,      0.000000E+00	
    2007,      3.600000E+01,      0.000000E+00,      0.000000E+00	
    2008,      3.660000E+01,      0.000000E+00,      0.000000E+00	
    2009,      3.720000E+01,      0.000000E+00,      0.000000E+00	
    2010,      3.780000E+01,      0.000000E+00,      0.000000E+00	
    2011,      3.840000E+01,      0.000000E+00,      0.000000E+00	
    2012,      3.900000E+01,      0.000000E+00,      0.000000E+00	
    2013,      3.960000E+01,      0.000000E+00,      0.000000E+00	
    2014,      4.020000E+01,      0.000000E+00,      0.000000E+00	
    2015,      4.080000E+01,      0.000000E+00,      0.000000E+00	
    2016,      4.140000E+01,      0.000000E+00,      0.000000E+00	
    2017,      4.200000E+01,      0.000000E+00,      0.000000E+00	
    2018,      4.260000E+01,      0.000000E+00,      0.000000E+00	
    2019,      4.320000E+01,      0.000000E+00,      0.000000E+00	
    2020,      4.380000E+01,      0.000000E+00,      0.000000E+00	
    2021,      4.440000E+01,      0.000000E+00,      0.000000E+00	
    2022,      4.500000E+01,      0.000000E+00,      0.000000E+00	
    2023,      4.560000E+01,      0.000000E+00,      0.000000E+00	
    2024,      4.620000E+01,      0.000000E+00,      0.000000E+00	
    2025,      4.680000E+01,      0.000000E+00,      0.000000E+00	
    2026,      4.740000E+01,      0.000000E+00,      0.000000E+00	
    2027,      4.800000E+01,      0.000000E+00,      0.000000E+00	
    2028,      4.860000E+01,      0.000000E+00,      0.000000E+00	
    2029,      4.920000E+01,      0.000000E+00,      0.000000E+00	
    2030,      4.980000E+01,      0.000000E+00,      0.000000E+00	
    2031,      5.040000E+01,      0.000000E+00,      0.000000E+00	
    2032,      5.100000E+01,      0.000000E+00,      0.000000E+00	
    2033,      5.160000E+01,      0.000000E+00,      0.000000E+00	
    2034,      5.220000E+01,      0.000000E+00,      0.000000E+00	
    2035,      5.280000E+01,      0.000000E+00,      0.000000E+00	
    2036,      5.340000E+01,      0.000000E+00,      0.000000E+00	
    2037,      5.400000E+01,      0.000000E+00,      0.000000E+00	
    2038,      5.460000E+01,      0.000000E+00,      0.000000E+00	
    2039,      5.520000E+01,      0.000000E+00,      0.000000E+00	
    2040,      5.580000E+01,      0.000000E+00,      0.000000E+00	
    2041,      5.640000E+01,      0.000000E+00,      0.000000E+00	
    2042,      5.700000E+01,      0.000000E+00,      0.000000E+00	
    2043,      5.760000E+01,      0.000000E+00,      0.000000E+00	
    2044,      5.820000E+01,      0.000000E+00,      0.000000E+00	
    2045,      5.880000E+01,      0.000000E+00,      0.000000E+00	
    2046,      5.940000E+01,      0.000000E+00,      0.000000E+00	
    2047,      6.000000E+01,      0.000000E+00,      0.000000E+00	
    2048,      6.060000E+01,      0.000000E+00,      0.000000E+00	
    2049,      6.120000E+01,      0.000000E+00,      0.000000E+00	
    2050,      6.180000E+01,      0.000000E+00,      0.000000E+00	
    2051,      6.240000E+01,      0.000000E+00,      0.000000E+00	
    2052,      6.300000E+01,      0.000000E+00,      0.000000E+00	
    2053,      6.360000E+01,      0.000000E+00,      0.000000E+00	
    2054,      6.420000E+01,      0.000000E+00,      0.000000E+00	
    2055,      6.487000E+01,      0.000000E+00,      0.000000E+00	
    2056,      6.465000E+01,      0.000000E+00,      0.000000E+00	
    3001,      6.553000E+01,      0.000000E+00,      0.000000E+00	
    3002,      6.575000E+01,      0.000000E+00,      0.000000E+00	
    3003,      6.620000E+01,      0.000000E+00,      0.000000E+00	
    3004,      6.680000E+01,      0.000000E+00,      0.000000E+00	
    3005,      6.740000E+01,      0.000000E+00,      0.000000E+00	
    3006,      6.800000E+01,      0.000000E+00,      0.000000E+00	
    3007,      6.860000E+01,      0.000000E+00,      0.000000E+00	
    3008,      6.920000E+01,      0.000000E+00,      0.000000E+00	
    3009,      6.980000E+01,      0.000000E+00,      0.000000E+00	
    3010,      7.040000E+01,      0.000000E+00,      0.000000E+00	
    3011,      7.100000E+01,      0.000000E+00,      0.000000E+00	
    3012,      7.160000E+01,      0.000000E+00,      0.000000E+00	
    3013,      7.220000E+01,      0.000000E+00,      0.000000E+00	
    3014,      7.280000E+01,      0.000000E+00,      0.000000E+00	
    3015,      7.340000E+01,      0.000000E+00,      0.000000E+00	
    3016,      7.400000E+01,      0.000000E+00,      0.000000E+00	
    3017,      7.460000E+01,      0.000000E+00,      0.000000E+00	
    3018,      7.520000E+01,      0.000000E+00,      0.000000E+00	
    3019,      7.580000E+01,      0.000000E+00,      0.000000E+00	
    3020,      7.640000E+01,      0.000000E+00,      0.000000E+00	
    3021,      7.700000E+01,      0.000000E+00,      0.000000E+00	
    3022,      7.760000E+01,      0.000000E+00,      0.000000E+00	
    3023,      7.820000E+01,      0.000000E+00,      0.000000E+00	
    3024,      7.880000E+01,      0.000000E+00,      0.000000E+00	
    3025,      7.940000E+01,      0.000000E+00,      0.000000E+00	
    3026,      8.000000E+01,      0.000000E+00,      0.000000E+00	
    3027,      8.060000E+01,      0.000000E+00,      0.000000E+00	
    3028,      8.120000E+01,      0.000000E+00,      0.000000E+00	
    3029,      8.180000E+01,      0.000000E+00,      0.000000E+00	
    3030,      8.240000E+01,      0.000000E+00,      0.000000E+00	
    3031,      8.300000E+01,      0.000000E+00,      0.000000E+00	
    3032,      8.360000E+01,      0.000000E+00,      0.000000E+00	
    3033,      8.420000E+01,      0.000000E+00,      0.000000E+00	
    3034,      8.480000E+01,      0.000000E+00,      0.000000E+00	
    3035,      8.540000E+01,      0.000000E+00,      0.000000E+00	
    3036,      8.600000E+01,      0.000000E+00,      0.000000E+00	
    3037,      8.660000E+01,      0.000000E+00,      0.000000E+00	
    3038,      8.720000E+01,      0.000000E+00,      0.000000E+00	
    3039,      8.780000E+01,      0.000000E+00,      0.000000E+00	
    3040,      8.840000E+01,      0.000000E+00,      0.000000E+00	
    3041,      8.900000E+01,      0.000000E+00,      0.000000E+00	
    3042,      8.960000E+01,      0.000000E+00,      0.000000E+00	
    3043,      9.020000E+01,      0.000000E+00,      0.000000E+00	
    3044,      9.080000E+01,      0.000000E+00,      0.000000E+00	
    3045,      9.140000E+01,      0.000000E+00,      0.000000E+00	
    3046,      9.200000E+01,      0.000000E+00,      0.000000E+00	
    3047,      9.260000E+01,      0.000000E+00,      0.000000E+00	
    3048,      9.320000E+01,      0.000000E+00,      0.000000E+00	
    3049,      9.380000E+01,      0.000000E+00,      0.000000E+00	
    3050,      9.440000E+01,      0.000000E+00,      0.000000E+00	
    3051,      9.500000E+01,      0.000000E+00,      0.000000E+00	
    3052,      9.560000E+01,      0.000000E+00,      0.000000E+00	
    3053,      9.620000E+01,      0.000000E+00,      0.000000E+00	
    3054,      9.680000E+01,      0.000000E+00,      0.000000E+00	
    3055,      9.747000E+01,      0.000000E+00,      0.000000E+00	
    3056,      9.725000E+01,      0.000000E+00,      0.000000E+00	
    4001,      9.813000E+01,      0.000000E+00,      0.000000E+00	
    4002,      9.835000E+01,      0.000000E+00,      0.000000E+00	
    4003,      9.880000E+01,      0.000000E+00,      0.000000E+00	
    4004,      9.940000E+01,      0.000000E+00,      0.000000E+00	
    4005,      1.000000E+02,      0.000000E+00,      0.000000E+00	
    4006,      1.006000E+02,      0.000000E+00,      0.000000E+00	
    4007,      1.012000E+02,      0.000000E+00,      0.000000E+00	
    4008,      1.018000E+02,      0.000000E+00,      0.000000E+00	
    4009,      1.024000E+02,      0.000000E+00,      0.000000E+00	
    4010,      1.030000E+02,      0.000000E+00,      0.000000E+00	
    4011,      1.036000E+02,      0.000000E+00,      0.000000E+00	
    4012,      1.042000E+02,      0.000000E+00,      0.000000E+00	
    4013,      1.048000E+02,      0.000000E+00,      0.000000E+00	
    4014,      1.054000E+02,      0.000000E+00,      0.000000E+00	
    4015,      1.060000E+02,      0.000000E+00,      0.000000E+00	
    4016,      1.066000E+02,      0.000000E+00,      0.000000E+00	
    4017,      1.072000E+02,      0.000000E+00,      0.000000E+00	
    4018,      1.078000E+02,      0.000000E+00,      0.000000E+00	
    4019,      1.084000E+02,      0.000000E+00,      0.000000E+00	
    4020,      1.090000E+02,      0.000000E+00,      0.000000E+00	
    4021,      1.096000E+02,      0.000000E+00,      0.000000E+00	
    4022,      1.102000E+02,      0.000000E+00,      0.000000E+00	
    4023,      1.108000E+02,      0.000000E+00,      0.000000E+00	
    4024,      1.114000E+02,      0.000000E+00,      0.000000E+00	
    4025,      1.120000E+02,      0.000000E+00,      0.000000E+00	
    4026,      1.126000E+02,      0.000000E+00,      0.000000E+00	
    4027,      1.132000E+02,      0.000000E+00,      0.000000E+00	
    4028,      1.138000E+02,      0.000000E+00,      0.000000E+00	
    4029,      1.144000E+02,      0.000000E+00,      0.000000E+00	
    4030,      1.150000E+02,      0.000000E+00,      0.000000E+00	
    4031,      1.156000E+02,      0.000000E+00,      0.000000E+00	
    4032,      1.162000E+02,      0.000000E+00,      0.000000E+00	
    4033,      1.168000E+02,      0.000000E+00,      0.000000E+00	
    4034,      1.174000E+02,      0.000000E+00,      0.000000E+00	
    4035,      1.180000E+02,      0.000000E+00,      0.000000E+00	
    4036,      1.186000E+02,      0.000000E+00,      0.000000E+00	
    4037,      1.192000E+02,      0.000000E+00,      0.000000E+00	
    4038,      1.198000E+02,      0.000000E+00,      0.000000E+00	
    4039,      1.204000E+02,      0.000000E+00,      0.000000E+00	
    4040,      1.210000E+02,      0.000000E+00,      0.000000E+00	
    4041,      1.216000E+02,      0.000000E+00,      0.000000E+00	
    4042,      1.222000E+02,      0.000000E+00,      0.000000E+00	
    4043,      1.228000E+02,      0.000000E+00,      0.000000E+00	
    4044,      1.234000E+02,      0.000000E+00,      0.000000E+00	
    4045,      1.240000E+02,      0.000000E+00,      0.000000E+00	
    4046,      1.246000E+02,      0.000000E+00,      0.000000E+00	
    4047,      1.252000E+02,      0.000000E+00,      0.000000E+00	
    4048,      1.258000E+02,      0.000000E+00,      0.000000E+00	
    4049,      1.264000E+02,      0.000000E+00,      0.000000E+00	
    4050,      1.270000E+02,      0.000000E+00,      0.000000E+00	
    4051,      1.276000E+02,      0.000000E+00,      0.000000E+00	
    4052,      1.282000E+02,      0.000000E+00,      0.000000E+00	
    4053,      1.288000E+02,      0.000000E+00,      0.000000E+00	
    4054,      1.294000E+02,      0.000000E+00,      0.000000E+00	
    4055,      1.300700E+02,      0.000000E+00,      0.000000E+00	
    4056,      1.298500E+02,      0.000000E+00,      0.000000E+00	
    5001,      1.307300E+02,      0.000000E+00,      0.000000E+00	
    5002,      1.309500E+02,      0.000000E+00,      0.000000E+00	
    5003,      1.314000E+02,      0.000000E+00,      0.000000E+00	
    5004,      1.320000E+02,      0.000000E+00,      0.000000E+00	
    5005,      1.326000E+02,      0.000000E+00,      0.000000E+00	
    5006,      1.332000E+02,      0.000000E+00,      0.000000E+00	
    5007,      1.338000E+02,      0.000000E+00,      0.000000E+00	
    5008,      1.344000E+02,      0.000000E+00,      0.000000E+00	
    5009,      1.350000E+02,      0.000000E+00,      0.000000E+00	
    5010,      1.356000E+02,      0.000000E+00,      0.000000E+00	
    5011,      1.362000E+02,      0.000000E+00,      0.000000E+00	
    5012,      1.368000E+02,      0.000000E+00,      0.000000E+00	
    5013,      1.374000E+02,      0.000000E+00,      0.000000E+00	
    5014,      1.380000E+02,      0.000000E+00,      0.000000E+00	
    5015,      1.386000E+02,      0.000000E+00,      0.000000E+00	
    5016,      1.392000E+02,      0.000000E+00,      0.000000E+00	
    5017,      1.398000E+02,      0.000000E+00,      0.000000E+00	
    5018,      1.404000E+02,      0.000000E+00,      0.000000E+00	
    5019,      1.410000E+02,      0.000000E+00,      0.000000E+00	
    5020,      1.416000E+02,      0.000000E+00,      0.000000E+00	
    5021,      1.422000E+02,      0.000000E+00,      0.000000E+00	
    5022,      1.428000E+02,      0.000000E+00,      0.000000E+00	
    5023,      1.434000E+02,      0.000000E+00,      0.000000E+00	
    5024,      1.440000E+02,      0.000000E+00,      0.000000E+00	
    5025,      1.446000E+02,      0.000000E+00,      0.000000E+00	
    5026,      1.452000E+02,      0.000000E+00,      0.000000E+00	
    5027,      1.458000E+02,      0.000000E+00,      0.000000E+00	
    5028,      1.464000E+02,      0.000000E+00,      0.000000E+00	
    5029,      1.470000E+02,      0.000000E+00,      0.000000E+00	
    5030,      1.476000E+02,      0.000000E+00,      0.000000E+00	
    5031,      1.482000E+02,      0.000000E+00,      0.000000E+00	
    5032,      1.488000E+02,      0.000000E+00,      0.000000E+00	
    5033,      1.494000E+02,      0.000000E+00,      0.000000E+00	
    5034,      1.500000E+02,      0.000000E+00,      0.000000E+00	
    5035,      1.506000E+02,      0.000000E+00,      0.000000E+00	
    5036,      1.512000E+02,      0.000000E+00,      0.000000E+00	
    5037,      1.518000E+02,      0.000000E+00,      0.000000E+00	
    5038,      1.524000E+02,      0.000000E+00,      0.000000E+00	
    5039,      1.530000E+02,      0.000000E+00,      0.000000E+00	
    5040,      1.536000E+02,      0.000000E+00,      0.000000E+00	
    5041,      1.542000E+02,      0.000000E+00,      0.000000E+00	
    5042,      1.548000E+02,      0.000000E+00,      0.000000E+00	
    5043,      1.554000E+02,      0.000000E+00,      0.000000E+00	
    5044,      1.560000E+02,      0.000000E+00,      0.000000E+00	
    5045,      1.566000E+02,      0.000000E+00,      0.000000E+00	
    5046,      1.572000E+02,      0.000000E+00,      0.000000E+00	
    5047,      1.578000E+02,      0.000000E+00,      0.000000E+00	
    5048,      1.584000E+02,      0.000000E+00,      0.000000E+00	
    5049,      1.590000E+02,      0.000000E+00,      0.000000E+00	
    5050,      1.596000E+02,      0.000000E+00,      0.000000E+00	
    5051,      1.602000E+02,      0.000000E+00,      0.000000E+00	
    5052,      1.608000E+02,      0.000000E+00,      0.000000E+00	
    5053,      1.614000E+02,      0.000000E+00,      0.000000E+00	
    5054,      1.620000E+02,      0.000000E+00,      0.000000E+00	
    5055,      1.626700E+02,      0.000000E+00,      0.000000E+00	
    5056,      1.624500E+02,      0.000000E+00,      0.000000E+00	
    6001,      1.633300E+02,      0.000000E+00,      0.000000E+00	
    6002,      1.635500E+02,      0.000000E+00,      0.000000E+00	
    6003,      1.640000E+02,      0.000000E+00,      0.000000E+00	
    6004,      1.646000E+02,      0.000000E+00,      0.000000E+00	
    6005,      1.652000E+02,      0.000000E+00,      0.000000E+00	
    6006,      1.658000E+02,      0.000000E+00,      0.000000E+00	
    6007,      1.664000E+02,      0.000000E+00,      0.000000E+00	
    6008,      1.670000E+02,      0.000000E+00,      0.000000E+00	
    6009,      1.676000E+02,      0.000000E+00,      0.000000E+00	
    6010,      1.682000E+02,      0.000000E+00,      0.000000E+00	
    6011,      1.688000E+02,      0.000000E+00,      0.000000E+00	
    6012,      1.694000E+02,      0.000000E+00,      0.000000E+00	
    6013,      1.700000E+02,      0.000000E+00,      0.000000E+00	
    6014,      1.706000E+02,      0.000000E+00,      0.000000E+00	
    6015,      1.712000E+02,      0.000000E+00,      0.000000E+00	
    6016,      1.718000E+02,      0.000000E+00,      0.000000E+00	
    6017,      1.724000E+02,      0.000000E+00,      0.000000E+00	
    6018,      1.730000E+02,      0.000000E+00,      0.000000E+00	
    6019,      1.736000E+02,      0.000000E+00,      0.000000E+00	
    6020,      1.742000E+02,      0.000000E+00,      0.000000E+00	
    6021,      1.748000E+02,      0.000000E+00,      0.000000E+00	
    6022,      1.754000E+02,      0.000000E+00,      0.000000E+00	
    6023,      1.760000E+02,      0.000000E+00,      0.000000E+00	
    6024,      1.766000E+02,      0.000000E+00,      0.000000E+00	
    6025,      1.772000E+02,      0.000000E+00,      0.000000E+00	
    6026,      1.778000E+02,      0.000000E+00,      0.000000E+00	
    6027,      1.784000E+02,      0.000000E+00,      0.000000E+00	
    6028,      1.790000E+02,      0.000000E+00,      0.000000E+00	
    6029,      1.796000E+02,      0.000000E+00,      0.000000E+00	
    6030,      1.802000E+02,      0.000000E+00,      0.000000E+00	
    6031,      1.808000E+02,      0.000000E+00,      0.000000E+00	
    6032,      1.814000E+02,      0.000000E+00,      0.000000E+00	
    6033,      1.820000E+02,      0.000000E+00,      0.000000E+00	
    6034,      1.826000E+02,      0.000000E+00,      0.000000E+00	
    6035,      1.832000E+02,      0.000000E+00,      0.000000E+00	
    6036,      1.838000E+02,      0.000000E+00,      0.000000E+00	
    6037,      1.844000E+02,      0.000000E+00,      0.000000E+00	
    6038,      1.850000E+02,      0.000000E+00,      0.000000E+00	
    6039,      1.856000E+02,      0.000000E+00,      0.000000E+00	
    6040,      1.862000E+02,      0.000000E+00,      0.000000E+00	
    6041,      1.868000E+02,      0.000000E+00,      0.000000E+00	
    6042,      1.874000E+02,      0.000000E+00,      0.000000E+00	
    6043,      1.880000E+02,      0.000000E+00,      0.000000E+00	
    6044,      1.886000E+02,      0.000000E+00,      0.000000E+00	
    6045,      1.892000E+02,      0.000000E+00,      0.000000E+00	
    6046,      1.898000E+02,      0.000000E+00,      0.000000E+00	
    6047,      1.904000E+02,      0.000000E+00,      0.000000E+00	
    6048,      1.910000E+02,      0.000000E+00,      0.000000E+00	
    6049,      1.916000E+02,      0.000000E+00,      0.000000E+00	
    6050,      1.922000E+02,      0.000000E+00,      0.000000E+00	
    6051,      1.928000E+02,      0.000000E+00,      0.000000E+00	
    6052,      1.934000E+02,      0.000000E+00,      0.000000E+00	
    6053,      1.940000E+02,      0.000000E+00,      0.000000E+00	
    6054,      1.946000E+02,      0.000000E+00,      0.000000E+00	
    6055,      1.952700E+02,      0.000000E+00,      0.000000E+00	
    6056,      1.950500E+02,      0.000000E+00,      0.000000E+00	
    7001,      1.959300E+02,      0.000000E+00,      0.000000E+00	
    7002,      1.961500E+02,      0.000000E+00,      0.000000E+00	
    7003,      1.966000E+02,      0.000000E+00,      0.000000E+00	
    7004,      1.972000E+02,      0.000000E+00,      0.000000E+00	
    7005,      1.978000E+02,      0.000000E+00,      0.000000E+00	
    7006,      1.984000E+02,      0.000000E+00,      0.000000E+00	
    7007,      1.990000E+02,      0.000000E+00,      0.000000E+00	
    7008,      1.996000E+02,      0.000000E+00,      0.000000E+00	
    7009,      2.002000E+02,      0.000000E+00,      0.000000E+00	
    7010,      2.008000E+02,      0.000000E+00,      0.000000E+00	
    7011,      2.014000E+02,      0.000000E+00,      0.000000E+00	
    7012,      2.020000E+02,      0.000000E+00,      0.000000E+00	
    7013,      2.026000E+02,      0.000000E+00,      0.000000E+00	
    7014,      2.032000E+02,      0.000000E+00,      0.000000E+00	
    7015,      2.038000E+02,      0.000000E+00,      0.000000E+00	
    7016,      2.044000E+02,      0.000000E+00,      0.000000E+00	
    7017,      2.050000E+02,      0.000000E+00,      0.000000E+00	
    7018,      2.056000E+02,      0.000000E+00,      0.000000E+00	
    7019,      2.062000E+02,      0.000000E+00,      0.000000E+00	
    7020,      2.068000E+02,      0.000000E+00,      0.000000E+00	
    7021,      2.074000E+02,      0.000000E+00,      0.000000E+00	
    7022,      2.080000E+02,      0.000000E+00,      0.000000E+00	
    7023,      2.086000E+02,      0.000000E+00,      0.000000E+00	
    7024,      2.092000E+02,      0.000000E+00,      0.000000E+00	
    7025,      2.098000E+02,      0.000000E+00,      0.000000E+00	
    7026,      2.104000E+02,      0.000000E+00,      0.000000E+00	
    7027,      2.110000E+02,      0.000000E+00,      0.000000E+00	
    7028,      2.116000E+02,      0.000000E+00,      0.000000E+00	
    7029,      2.122000E+02,      0.000000E+00,      0.000000E+00	
    7030,      2.128000E+02,      0.000000E+00,      0.000000E+00	
    7031,      2.134000E+02,      0.000000E+00,      0.000000E+00	
    7032,      2.140000E+02,      0.000000E+00,      0.000000E+00	
    7033,      2.146000E+02,      0.000000E+00,      0.000000E+00	
    7034,      2.152000E+02,      0.000000E+00,      0.000000E+00	
    7035,      2.158000E+02,      0.000000E+00,      0.000000E+00	
    7036,      2.164000E+02,      0.000000E+00,      0.000000E+00	
    7037,      2.170000E+02,      0.000000E+00,      0.000000E+00	
    7038,      2.176000E+02,      0.000000E+00,      0.000000E+00	
    7039,      2.182000E+02,      0.000000E+00,      0.000000E+00	
    7040,      2.188000E+02,      0.000000E+00,      0.000000E+00	
    7041,      2.194000E+02,      0.000000E+00,      0.000000E+00	
    7042,      2.200000E+02,      0.000000E+00,      0.000000E+00	
    7043,      2.206000E+02,      0.000000E+00,      0.000000E+00	
    7044,      2.212000E+02,      0.000000E+00,      0.000000E+00	
    7045,      2.218000E+02,      0.000000E+00,      0.000000E+00	
    7046,      2.224000E+02,      0.000000E+00,      0.000000E+00	
    7047,      2.230000E+02,      0.000000E+00,      0.000000E+00	
    7048,      2.236000E+02,      0.000000E+00,      0.000000E+00	
    7049,      2.242000E+02,      0.000000E+00,      0.000000E+00	
    7050,      2.248000E+02,      0.000000E+00,      0.000000E+00	
    7051,      2.254000E+02,      0.000000E+00,      0.000000E+00	
    7052,      2.260000E+02,      0.000000E+00,      0.000000E+00	
    7053,      2.266000E+02,      0.000000E+00,      0.000000E+00	
    7054,      2.272000E+02,      0.000000E+00,      0.000000E+00	
    7055,      2.278700E+02,      0.000000E+00,      0.000000E+00	
    7056,      2.276500E+02,      0.000000E+00,      0.000000E+00	
    8001,      2.285300E+02,      0.000000E+00,      0.000000E+00	
    8002,      2.287500E+02,      0.000000E+00,      0.000000E+00	
    8003,      2.292000E+02,      0.000000E+00,      0.000000E+00	
    8004,      2.298000E+02,      0.000000E+00,      0.000000E+00	
    8005,      2.304000E+02,      0.000000E+00,      0.000000E+00	
    8006,      2.310000E+02,      0.000000E+00,      0.000000E+00	
    8007,      2.316000E+02,      0.000000E+00,      0.000000E+00	
    8008,      2.322000E+02,      0.000000E+00,      0.000000E+00	
    8009,      2.328000E+02,      0.000000E+00,      0.000000E+00	
    8010,      2.334000E+02,      0.000000E+00,      0.000000E+00	
    8011,      2.340000E+02,      0.000000E+00,      0.000000E+00	
    8012,      2.346000E+02,      0.000000E+00,      0.000000E+00	
    8013,      2.352000E+02,      0.000000E+00,      0.000000E+00	
    8014,      2.358000E+02,      0.000000E+00,      0.000000E+00	
    8015,      2.364000E+02,      0.000000E+00,      0.000000E+00	
    8016,      2.370000E+02,      0.000000E+00,      0.000000E+00	
    8017,      2.376000E+02,      0.000000E+00,      0.000000E+00	
    8018,      2.382000E+02,      0.000000E+00,      0.000000E+00	
    8019,      2.388000E+02,      0.000000E+00,      0.000000E+00	
    8020,      2.394000E+02,      0.000000E+00,      0.000000E+00	
    8021,      2.400000E+02,      0.000000E+00,      0.000000E+00	
    8022,      2.406000E+02,      0.000000E+00,      0.000000E+00	
    8023,      2.412000E+02,      0.000000E+00,      0.000000E+00	
    8024,      2.418000E+02,      0.000000E+00,      0.000000E+00	
    8025,      2.424000E+02,      0.000000E+00,      0.000000E+00	
    8026,      2.430000E+02,      0.000000E+00,      0.000000E+00	
    8027,      2.436000E+02,      0.000000E+00,      0.000000E+00	
    8028,      2.442000E+02,      0.000000E+00,      0.000000E+00	
    8029,      2.448000E+02,      0.000000E+00,      0.000000E+00	
    8030,      2.454000E+02,      0.000000E+00,      0.000000E+00	
    8031,      2.460000E+02,      0.000000E+00,      0.000000E+00	
    8032,      2.466000E+02,      0.000000E+00,      0.000000E+00	
    8033,      2.472000E+02,      0.000000E+00,      0.000000E+00	
    8034,      2.478000E+02,      0.000000E+00,      0.000000E+00	
    8035,      2.484000E+02,      0.000000E+00,      0.000000E+00	
    8036,      2.490000E+02,      0.000000E+00,      0.000000E+00	
    8037,      2.496000E+02,      0.000000E+00,      0.000000E+00	
    8038,      2.502000E+02,      0.000000E+00,      0.000000E+00	
    8039,      2.508000E+02,      0.000000E+00,      0.000000E+00	
    8040,      2.514000E+02,      0.000000E+00,      0.000000E+00	
    8041,      2.520000E+02,      0.000000E+00,      0.000000E+00	
    8042,      2.526000E+02,      0.000000E+00,      0.000000E+00	
    8043,      2.532000E+02,      0.000000E+00,      0.000000E+00	
    8044,      2.538000E+02,      0.000000E+00,      0.000000E+00	
    8045,      2.544000E+02,      0.000000E+00,      0.000000E+00	
    8046,      2.550000E+02,      0.000000E+00,      0.000000E+00	
    8047,      2.556000E+02,      0.000000E+00,      0.000000E+00	
    8048,      2.562000E+02,      0.000000E+00,      0.000000E+00	
    8049,      2.568000E+02,      0.000000E+00,      0.000000E+00	
    8050,      2.574000E+02,      0.000000E+00,      0.000000E+00	
    8051,      2.580000E+02,      0.000000E+00,      0.000000E+00	
    8052,      2.586000E+02,      0.000000E+00,      0.000000E+00	
    8053,      2.592000E+02,      0.000000E+00,      0.000000E+00	
    8054,      2.598000E+02,      0.000000E+00,      0.000000E+00	
    8055,      2.604700E+02,      0.000000E+00,      0.000000E+00	
    8056,      2.602500E+02,      0.000000E+00,      0.000000E+00	
    9001,      2.611300E+02,      0.000000E+00,      0.000000E+00	
    9002,      2.613500E+02,      0.000000E+00,      0.000000E+00	
    9003,      2.618000E+02,      0.000000E+00,      0.000000E+00	
    9004,      2.624000E+02,      0.000000E+00,      0.000000E+00	
    9005,      2.630000E+02,      0.000000E+00,      0.000000E+00	
    9006,      2.636000E+02,      0.000000E+00,      0.000000E+00	
    9007,      2.642000E+02,      0.000000E+00,      0.000000E+00	
    9008,      2.648000E+02,      0.000000E+00,      0.000000E+00	
    9009,      2.654000E+02,      0.000000E+00,      0.000000E+00	
    9010,      2.660000E+02,      0.000000E+00,      0.000000E+00	
    9011,      2.666000E+02,      0.000000E+00,      0.000000E+00	
    9012,      2.672000E+02,      0.000000E+00,      0.000000E+00	
    9013,      2.678000E+02,      0.000000E+00,      0.000000E+00	
    9014,      2.684000E+02,      0.000000E+00,      0.000000E+00	
    9015,      2.690000E+02,      0.000000E+00,      0.000000E+00	
    9016,      2.696000E+02,      0.000000E+00,      0.000000E+00	
    9017,      2.702000E+02,      0.000000E+00,      0.000000E+00	
    9018,      2.708000E+02,      0.000000E+00,      0.000000E+00	
    9019,      2.714000E+02,      0.000000E+00,      0.000000E+00	
    9020,      2.720000E+02,      0.000000E+00,      0.000000E+00	
    9021,      2.726000E+02,      0.000000E+00,      0.000000E+00	
    9022,      2.732000E+02,      0.000000E+00,      0.000000E+00	
    9023,      2.738000E+02,      0.000000E+00,      0.000000E+00	
    9024,      2.744000E+02,      0.000000E+00,      0.000000E+00	
    9025,      2.750000E+02,      0.000000E+00,      0.000000E+00	
    9026,      2.756000E+02,      0.000000E+00,      0.000000E+00	
    9027,      2.762000E+02,      0.000000E+00,      0.000000E+00	
    9028,      2.768000E+02,      0.000000E+00,      0.000000E+00	
    9029,      2.774000E+02,      0.000000E+00,      0.000000E+00	
    9030,      2.780000E+02,      0.000000E+00,      0.000000E+00	
    9031,      2.786000E+02,      0.000000E+00,      0.000000E+00	
    9032,      2.792000E+02,      0.000000E+00,      0.000000E+00	
    9033,      2.798000E+02,      0.000000E+00,      0.000000E+00	
    9034,      2.804000E+02,      0.000000E+00,      0.000000E+00	
    9035,      2.810000E+02,      0.000000E+00,      0.000000E+00	
    9036,      2.816000E+02,      0.000000E+00,      0.000000E+00	
    9037,      2.822000E+02,      0.000000E+00,      0.000000E+00	
    9038,      2.828000E+02,      0.000000E+00,      0.000000E+00	
    9039,      2.834000E+02,      0.000000E+00,      0.000000E+00	
    9040,      2.840000E+02,      0.000000E+00,      0.000000E+00	
    9041,      2.846000E+02,      0.000000E+00,      0.000000E+00	
    9042,      2.852000E+02,      0.000000E+00,      0.000000E+00	
    9043,      2.858000E+02,      0.000000E+00,      0.000000E+00	
    9044,      2.864000E+02,      0.000000E+00,      0.000000E+00	
    9045,      2.870000E+02,      0.000000E+00,      0.000000E+00	
    9046,      2.876000E+02,      0.000000E+00,      0.000000E+00	
    9047,      2.882000E+02,      0.000000E+00,      0.000000E+00	
    9048,      2.888000E+02,      0.000000E+00,      0.000000E+00	
    9049,      2.894000E+02,      0.000000E+00,      0.000000E+00	
    9050,      2.900000E+02,      0.000000E+00,      0.000000E+00	
    9051,      2.906000E+02,      0.000000E+00,      0.000000E+00	
    9052,      2.912000E+02,      0.000000E+00,      0.000000E+00	
    9053,      2.918000E+02,      0.000000E+00,      0.000000E+00	
    9054,      2.924000E+02,      0.000000E+00,      0.000000E+00	
    9055,      2.930700E+02,      0.000000E+00,      0.000000E+00	
    9056,      2.928500E+02,      0.000000E+00,      0.000000E+00	
   10001,      2.937300E+02,      0.000000E+00,      0.000000E+00	
   10002,      2.939500E+02,      0.000000E+00,      0.000000E+00	
   10003,      2.944000E+02,      0.000000E+00,      0.000000E+00	
   10004,      2.950000E+02,      0.000000E+00,      0.000000E+00	
   10005,      2.956000E+02,      0.000000E+00,      0.000000E+00	
   10006,      2.962000E+02,      0.000000E+00,      0.000000E+00	
   10007,      2.968000E+02,      0.000000E+00,      0.000000E+00	
   10008,      2.974000E+02,      0.000000E+00,      0.000000E+00	
   10009,      2.980000E+02,      0.000000E+00,      0.000000E+00	
   10010,      2.986000E+02,      0.000000E+00,      0.000000E+00	
   10011,      2.992000E+02,      0.000000E+00,      0.000000E+00	
   10012,      2.998000E+02,      0.000000E+00,      0.000000E+00	
   10013,      3.004000E+02,      0.000000E+00,      0.000000E+00	
   10014,      3.010000E+02,      0.000000E+00,      0.000000E+00	
   10015,      3.016000E+02,      0.000000E+00,      0.000000E+00	
   10016,      3.022000E+02,      0.000000E+00,      0.000000E+00	
   10017,      3.028000E+02,      0.000000E+00,      0.000000E+00	
   10018,      3.034000E+02,      0.000000E+00,      0.000000E+00	
   10019,      3.040000E+02,      0.000000E+00,      0.000000E+00	
   10020,      3.046000E+02,      0.000000E+00,      0.000000E+00	
   10021,      3.052000E+02,      0.000000E+00,      0.000000E+00	
   10022,      3.058000E+02,      0.000000E+00,      0.000000E+00	
   10023,      3.064000E+02,      0.000000E+00,      0.000000E+00	
   10024,      3.070000E+02,      0.000000E+00,      0.000000E+00	
   10025,      3.076000E+02,      0.000000E+00,      0.000000E+00	
   10026,      3.082000E+02,      0.000000E+00,      0.000000E+00	
   10027,      3.088000E+02,      0.000000E+00,      0.000000E+00	
   10028,      3.094000E+02,      0.000000E+00,      0.000000E+00	
   10029,      3.100000E+02,      0.000000E+00,      0.000000E+00	
   10030,      3.106000E+02,      0.000000E+00,      0.000000E+00	
   10031,      3.112000E+02,      0.000000E+00,      0.000000E+00	
   10032,      3.118000E+02,      0.000000E+00,      0.000000E+00	
   10033,      3.124000E+02,      0.000000E+00,      0.000000E+00	
   10034,      3.130000E+02,      0.000000E+00,      0.000000E+00	
   10035,      3.136000E+02,      0.000000E+00,      0.000000E+00	
   10036,      3.142000E+02,      0.000000E+00,      0.000000E+00	
   10037,      3.148000E+02,      0.000000E+00,      0.000000E+00	
   10038,      3.154000E+02,      0.000000E+00,      0.000000E+00	
   10039,      3.160000E+02,      0.000000E+00,      0.000000E+00	
   10040,      3.166000E+02,      0.000000E+00,      0.000000E+00	
   10041,      3.172000E+02,      0.000000E+00,      0.000000E+00	
   10042,      3.178000E+02,      0.000000E+00,      0.000000E+00	
   10043,      3.184000E+02,      0.000000E+00,      0.000000E+00	
   10044,      3.190000E+02,      0.000000E+00,      0.000000E+00	
   10045,      3.196000E+02,      0.000000E+00,      0.000000E+00	
   10046,      3.202000E+02,      0.000000E+00,      0.000000E+00	
   10047,      3.208000E+02,      0.000000E+00,      0.000000E+00	
   10048,      3.214000E+02,      0.000000E+00,      0.000000E+00	
   10049,      3.220000E+02,      0.000000E+00,      0.000000E+00	
   10050,      3.226000E+02,      0.000000E+00,      0.000000E+00	
   10051,      3.232000E+02,      0.000000E+00,      0.000000E+00	
   10052,      3.238000E+02,      0.000000E+00,      0.000000E+00	
   10053,      3.244000E+02,      0.000000E+00,      0.000000E+00	
   10054,      3.250000E+02,      0.000000E+00,      0.000000E+00	
   10055,      3.256700E+02,      0.000000E+00,      0.000000E+00	
   10056,      3.254500E+02,      0.000000E+00,      0.000000E+00	


       1
       2
       3
       4
       5
       6
       7
       8
       9
      10
      11
      12
      13
      14
      15
      16
      17
      18
      19
      20
    1001
    1002
    1003
    1004
    1005
    1006
    1007
    1008
    1009
    1010
    1011
    1012
    1013
    1014
    1015
    1016
    1017
    1018
    1019
    1020
    1021
    1022
    1023
    1024
    1025
    1026
    1027
    1028
    1029
    1030
    1031
    1032
    1033
    1034
    1035
    1036
    1037
    1038
    1039
    1040
    1041
    1042
    1043
    1044
    1045
    1046
    1047
    1048
    1049
    1050
    1051
    1052
    1053
    1054
    1055
    1056
    2001
    2002
    2003
    2004
    2005
    2006
    2007
    2008
    2009
    2010
    2011
    2012
    2013
    2014
    2015
    2016
    2017
    2018
    2019
    2020
    2021
    2022
    2023
    2024
    2025
    2026
    2027
    2028
    2029
    2030
    2031
    2032
    2033
    2034
    2035
    2036
    2037
    2038
    2039
    2040
    2041
    2042
    2043
    2044
    2045
    2046
    2047
    2048
    2049
    2050
    2051
    2052
    2053
    2054
    2055
    2056
    3001
    3002
    3003
    3004
    3005
    3006
    3007
    3008
    3009
    3010
    3011
    3012
    3013
    3014
    3015
    3016
    3017
    3018
    3019
    3020
    3021
    3022
    3023
    3024
    3025
    3026
    3027
    3028
    3029
    3030
    3031
    3032
    3033
    3034
    3035
    3036
    3037
    3038
    3039
    3040
    3041
    3042
    3043
    3044
    3045
    3046
    3047
    3048
    3049
    3050
    3051
    3052
    3053
    3054
    3055
    3056
    4001
    4002
    4003
    4004
    4005
    4006
    4007
    4008
    4009
    4010
    4011
    4012
    4013
    4014
    4015
    4016
    4017
    4018
    4019
    4020
    4021
    4022
    4023
    4024
    4025
    4026
    4027
    4028
    4029
    4030
    4031
    4032
    4033
    4034
    4035
    4036
    4037
    4038
    4039
    4040
    4041
    4042
    4043
    4044
    4045
    4046
    4047
    4048
    4049
    4050
    4051
    4052
    4053
    4054
    4055
    4056
    5001
    5002
    5003
    5004
    5005
    5006
    5007
    5008
    5009
    5010
    5011
    5012
    5013
    5014
    5015
    5016
    5017
    5018
    5019
    5020
    5021
    5022
    5023
    5024
    5025
    5026
    5027
    5028
    5029
    5030
    5031
    5032
    5033
    5034
    5035
    5036
    5037
    5038
    5039
    5040
    5041
    5042
    5043
    5044
    5045
    5046
    5047
    5048
    5049
    5050
    5051
    5052
    5053
    5054
    5055
    5056
    6001
    6002
    6003
    6004
    6005
    6006
    6007
    6008
    6009
    6010
    6011
    6012
    6013
    6014
    6015
    6016
    6017
    6018
    6019
    6020
    6021
    6022
    6023
    6024
    6025
    6026
    6027
    6028
    6029
    6030
    6031
    6032
    6033
    6034
    6035
    6036
    6037
    6038
    6039
    6040
    6041
    6042
    6043
    6044
    6045
    6046
    6047
    6048
    6049
    6050
    6051
    6052
    6053
    6054
    6055
    6056
    7001
    7002
    7003
    7004
    7005
    7006
    7007
    7008
    7009
    7010
    7011
    7012
    7013
    7014
    7015
    7016
    7017
    7018
    7019
    7020
    7021
    7022
    7023
    7024
    7025
    7026
    7027
    7028
    7029
    7030
    7031
    7032
    7033
    7034
    7035
    7036
    7037
    7038
    7039
    7040
    7041
    7042
    7043
    7044
    7045
    7046
    7047
    7048
    7049
    7050
    7051
    7052
    7053
    7054
    7055
    7056
    8001
    8002
    8003
    8004
    8005
    8006
    8007
    8008
    8009
    8010
    8011
    8012
    8013
    8014
    8015
    8016
    8017
    8018
    8019
    8020
    8021
    8022
    8023
    8024
    8025
    8026
    8027
    8028
    8029
    8030
    8031
    8032
    8033
    8034
    8035
    8036
    8037
    8038
    8039
    8040
    8041
    8042
    8043
    8044
    8045
    8046
    8047
    8048
    8049
    8050
    8051
    8052
    8053
    8054
    8055
    8056
    9001
    9002
    9003
    9004
    9005
    9006
    9007
    9008
    9009
    9010
    9011
    9012
    9013
    9014
    9015
    9016
    9017
    9018
    9019
    9020
    9021
    9022
    9023
    9024
    9025
    9026
    9027
    9028
    9029
    9030
    9031
    9032
    9033
    9034
    9035
    9036
    9037
    9038
    9039
    9040
    9041
    9042
    9043
    9044
    9045
    9046
    9047
    9048
    9049
    9050
    9051
    9052
    9053
    9054
    9055
    9056
   10001
   10002
   10003
   10004
   10005
   10006
   10007
   10008
   10009
   10010
   10011
   10012
   10013
   10014
   10015
   10016
   10017
   10018
   10019
   10020
   10021
   10022
   10023
   10024
   10025
   10026
   10027
   10028
   10029
   10030
   10031
   10032
   10033
   10034
   10035
   10036
   10037
   10038
   10039
   10040
   10041
   10042
   10043
   10044
   10045
   10046
   10047
   10048
   10049
   10050
   10051
   10052
   10053
   10054
   10055
   10056


1
D:\Yantong TQI
bridge_modalvectors.dat
100
2 2   0.005   0.005


Post
10

1029	10029	1000	¸÷¿ç¿çÖÐ


0
