881	869	6	0	500	0

2001,	-1331.1,	0.0,	59.1994
2002,	-1330.1,	0.0,	59.2054
2003,	-1328.0,	0.0,	59.218
2004,	-1325.5,	0.0,	59.233
2005,	-1323.0,	0.0,	59.248
2006,	-1320.5,	0.0,	59.263
2007,	-1318.0,	0.0,	59.278
2008,	-1313.9,	0.0,	59.3026
2009,	-1310.6,	0.0,	59.3224
2010,	-1307.3,	0.0,	59.3422
2011,	-1304.0,	0.0,	59.362
2012,	-1299.9,	0.0,	59.3866
2013,	-1296.6,	0.0,	59.4064
2014,	-1293.3,	0.0,	59.4262
2015,	-1290.0,	0.0,	59.446
2016,	-1285.9,	0.0,	59.4706
2017,	-1282.6,	0.0,	59.4904
2018,	-1279.3,	0.0,	59.5102
2019,	-1276.0,	0.0,	59.53
2020,	-1271.9,	0.0,	59.5546
2021,	-1268.6,	0.0,	59.5744
2022,	-1265.3,	0.0,	59.5942
2023,	-1262.0,	0.0,	59.614
2024,	-1258.5,	0.0,	59.635
2025,	-1255.0,	0.0,	59.656
2026,	-1251.5,	0.0,	59.677
2027,	-1248.0,	0.0,	59.698
2028,	-1244.5,	0.0,	59.719
2029,	-1241.0,	0.0,	59.74
2030,	-1237.5,	0.0,	59.761
2031,	-1234.0,	0.0,	59.782
2032,	-1230.5,	0.0,	59.803
2033,	-1227.0,	0.0,	59.824
2034,	-1223.5,	0.0,	59.845
2035,	-1220.0,	0.0,	59.866
2036,	-1216.5,	0.0,	59.887
2037,	-1213.0,	0.0,	59.908
2038,	-1209.5,	0.0,	59.929
2039,	-1206.0,	0.0,	59.95
2040,	-1202.5,	0.0,	59.971
2041,	-1199.0,	0.0,	59.992
2042,	-1195.5,	0.0,	60.013
2043,	-1192.0,	0.0,	60.034
2044,	-1188.5,	0.0,	60.055
2045,	-1185.0,	0.0,	60.076
2046,	-1181.5,	0.0,	60.097
2047,	-1178.0,	0.0,	60.118
2048,	-1174.5,	0.0,	60.139
2049,	-1171.0,	0.0,	60.16
2050,	-1167.5,	0.0,	60.181
2051,	-1164.0,	0.0,	60.202
2052,	-1160.5,	0.0,	60.223
2053,	-1157.0,	0.0,	60.244
2054,	-1153.5,	0.0,	60.265
2055,	-1150.0,	0.0,	60.286
2056,	-1146.5,	0.0,	60.307
2057,	-1143.0,	0.0,	60.328
2058,	-1139.5,	0.0,	60.349
2059,	-1136.0,	0.0,	60.37
2060,	-1132.5,	0.0,	60.391
2061,	-1129.0,	0.0,	60.412
2062,	-1125.5,	0.0,	60.433
2063,	-1122.0,	0.0,	60.454
2064,	-1118.5,	0.0,	60.475
2065,	-1115.0,	0.0,	60.496
2066,	-1111.5,	0.0,	60.517
2067,	-1108.0,	0.0,	60.538
2068,	-1104.5,	0.0,	60.559
2069,	-1101.0,	0.0,	60.58
2070,	-1097.5,	0.0,	60.601
2071,	-1094.0,	0.0,	60.622
2072,	-1090.5,	0.0,	60.643
2073,	-1087.0,	0.0,	60.664
2074,	-1083.5,	0.0,	60.685
2075,	-1080.0,	0.0,	60.706
2076,	-1076.5,	0.0,	60.727
2077,	-1073.0,	0.0,	60.748
2078,	-1069.5,	0.0,	60.769
2079,	-1066.0,	0.0,	60.79
2080,	-1062.5,	0.0,	60.811
2081,	-1059.0,	0.0,	60.832
2082,	-1055.5,	0.0,	60.853
2083,	-1052.0,	0.0,	60.874
2084,	-1048.5,	0.0,	60.895
2085,	-1045.0,	0.0,	60.916
2086,	-1041.5,	0.0,	60.937
2087,	-1038.0,	0.0,	60.958
2088,	-1034.5,	0.0,	60.979
2089,	-1031.0,	0.0,	61.0
2090,	-1027.5,	0.0,	61.021
2091,	-1024.0,	0.0,	61.042
2092,	-1020.5,	0.0,	61.063
2093,	-1017.0,	0.0,	61.084
2094,	-1013.5,	0.0,	61.105
2095,	-1010.0,	0.0,	61.126
2096,	-1006.5,	0.0,	61.147
2097,	-1003.0,	0.0,	61.168
2098,	-999.5,	0.0,	61.189
2099,	-996.0,	0.0,	61.21
2100,	-992.5,	0.0,	61.231
2101,	-989.0,	0.0,	61.252
2102,	-985.5,	0.0,	61.273
2103,	-982.0,	0.0,	61.294
2104,	-978.5,	0.0,	61.315
2105,	-975.0,	0.0,	61.336
2106,	-971.5,	0.0,	61.357
2107,	-968.0,	0.0,	61.378
2108,	-964.5,	0.0,	61.399
2109,	-961.0,	0.0,	61.42
2110,	-957.5,	0.0,	61.441
2111,	-954.0,	0.0,	61.462
2112,	-950.5,	0.0,	61.483
2113,	-947.0,	0.0,	61.504
2114,	-943.5,	0.0,	61.525
2115,	-940.0,	0.0,	61.546
2116,	-936.5,	0.0,	61.567
2117,	-933.0,	0.0,	61.588
2118,	-929.5,	0.0,	61.609
2119,	-926.0,	0.0,	61.63
2120,	-922.5,	0.0,	61.651
2121,	-919.0,	0.0,	61.672
2122,	-915.5,	0.0,	61.693
2123,	-912.0,	0.0,	61.714
2124,	-908.5,	0.0,	61.735
2125,	-905.0,	0.0,	61.756
2126,	-901.5,	0.0,	61.777
2127,	-898.0,	0.0,	61.798
2128,	-894.5,	0.0,	61.819
2129,	-891.0,	0.0,	61.84
2130,	-887.5,	0.0,	61.861
2131,	-884.0,	0.0,	61.882
2132,	-880.5,	0.0,	61.903
2133,	-877.0,	0.0,	61.924
2134,	-873.5,	0.0,	61.945
2135,	-870.0,	0.0,	61.966
2136,	-866.5,	0.0,	61.987
2137,	-863.0,	0.0,	62.008
2138,	-859.5,	0.0,	62.029
2139,	-856.0,	0.0,	62.05
2140,	-852.5,	0.0,	62.071
2141,	-849.0,	0.0,	62.092
2142,	-845.5,	0.0,	62.113
2143,	-842.0,	0.0,	62.134
2144,	-838.5,	0.0,	62.155
2145,	-835.0,	0.0,	62.176
2146,	-831.5,	0.0,	62.197
2147,	-828.0,	0.0,	62.218
2148,	-824.5,	0.0,	62.239
2149,	-821.0,	0.0,	62.26
2150,	-817.5,	0.0,	62.281
2151,	-814.0,	0.0,	62.302
2152,	-810.5,	0.0,	62.323
2153,	-807.0,	0.0,	62.344
2154,	-803.5,	0.0,	62.365
2155,	-800.0,	0.0,	62.386
2156,	-796.5,	0.0,	62.407
2157,	-793.0,	0.0,	62.428
2158,	-789.5,	0.0,	62.449
2159,	-786.0,	0.0,	62.47
2160,	-782.5,	0.0,	62.491
2161,	-779.0,	0.0,	62.512
2162,	-775.5,	0.0,	62.533
2163,	-772.0,	0.0,	62.554
2164,	-768.5,	0.0,	62.575
2165,	-765.0,	0.0,	62.596
2166,	-761.5,	0.0,	62.617
2167,	-758.0,	0.0,	62.638
2168,	-754.5,	0.0,	62.659
2169,	-751.0,	0.0,	62.68
2170,	-747.5,	0.0,	62.701
2171,	-744.0,	0.0,	62.722
2172,	-740.5,	0.0,	62.743
2173,	-737.0,	0.0,	62.764
2174,	-733.5,	0.0,	62.785
2175,	-730.0,	0.0,	62.806
2176,	-726.5,	0.0,	62.827
2177,	-723.0,	0.0,	62.848
2178,	-719.5,	0.0,	62.869
2179,	-716.0,	0.0,	62.89
2180,	-712.5,	0.0,	62.911
2181,	-709.0,	0.0,	62.932
2182,	-705.5,	0.0,	62.953
2183,	-702.0,	0.0,	62.974
2184,	-698.5,	0.0,	62.995
2185,	-695.0,	0.0,	63.016
2186,	-691.5,	0.0,	63.037
2187,	-688.0,	0.0,	63.058
2188,	-684.5,	0.0,	63.079
2189,	-681.0,	0.0,	63.1
2190,	-677.5,	0.0,	63.121
2191,	-674.0,	0.0,	63.142
2192,	-670.5,	0.0,	63.163
2193,	-667.0,	0.0,	63.184
2194,	-663.5,	0.0,	63.205
2195,	-660.0,	0.0,	63.226
2196,	-656.5,	0.0,	63.247
2197,	-653.0,	0.0,	63.268
2198,	-649.5,	0.0,	63.289
2199,	-646.0,	0.0,	63.31
2200,	-642.5,	0.0,	63.331
2201,	-639.0,	0.0,	63.352
2202,	-635.5,	0.0,	63.373
2203,	-632.0,	0.0,	63.394
2204,	-628.5,	0.0,	63.415
2205,	-625.0,	0.0,	63.436
2206,	-621.5,	0.0,	63.457
2207,	-618.0,	0.0,	63.478
2208,	-614.5,	0.0,	63.499
2209,	-611.0,	0.0,	63.52
2210,	-607.5,	0.0,	63.541
2211,	-604.0,	0.0,	63.562
2212,	-600.5,	0.0,	63.583
2213,	-597.0,	0.0,	63.604
2214,	-593.5,	0.0,	63.625
2215,	-590.0,	0.0,	63.646
2216,	-586.5,	0.0,	63.667
2217,	-583.0,	0.0,	63.688
2218,	-579.5,	0.0,	63.709
2219,	-576.0,	0.0,	63.73
2220,	-572.5,	0.0,	63.751
2221,	-569.0,	0.0,	63.772
2222,	-565.5,	0.0,	63.793
2223,	-562.0,	0.0,	63.814
2224,	-558.5,	0.0,	63.835
2225,	-555.0,	0.0,	63.856
2226,	-551.5,	0.0,	63.877
2227,	-548.0,	0.0,	63.898
2228,	-544.5,	0.0,	63.919
2229,	-541.0,	0.0,	63.94
2230,	-537.5,	0.0,	63.961
2231,	-534.0,	0.0,	63.982
2232,	-530.5,	0.0,	64.003
2233,	-527.0,	0.0,	64.024
2234,	-523.5,	0.0,	64.045
2235,	-520.0,	0.0,	64.066
2236,	-516.5,	0.0,	64.087
2237,	-513.0,	0.0,	64.108
2238,	-509.5,	0.0,	64.129
2239,	-506.0,	0.0,	64.15
2240,	-502.5,	0.0,	64.171
2241,	-499.0,	0.0,	64.192
2242,	-495.5,	0.0,	64.213
2243,	-492.0,	0.0,	64.234
2244,	-488.5,	0.0,	64.255
2245,	-485.0,	0.0,	64.276
2246,	-481.5,	0.0,	64.297
2247,	-478.0,	0.0,	64.318
2248,	-474.5,	0.0,	64.339
2249,	-471.0,	0.0,	64.36
2250,	-467.5,	0.0,	64.381
2251,	-464.0,	0.0,	64.402
2252,	-460.5,	0.0,	64.423
2253,	-457.0,	0.0,	64.444
2254,	-453.5,	0.0,	64.465
2255,	-450.0,	0.0,	64.486
2256,	-446.5,	0.0,	64.507
2257,	-443.0,	0.0,	64.528
2258,	-439.5,	0.0,	64.549
2259,	-436.0,	0.0,	64.57
2260,	-432.5,	0.0,	64.591
2261,	-429.0,	0.0,	64.612
2262,	-425.5,	0.0,	64.633
2263,	-422.0,	0.0,	64.654
2264,	-418.5,	0.0,	64.675
2265,	-415.0,	0.0,	64.696
2266,	-411.5,	0.0,	64.717
2267,	-408.0,	0.0,	64.738
2268,	-404.5,	0.0,	64.759
2269,	-401.0,	0.0,	64.78
2270,	-397.5,	0.0,	64.801
2271,	-394.0,	0.0,	64.822
2272,	-390.5,	0.0,	64.843
2273,	-387.0,	0.0,	64.864
2274,	-383.5,	0.0,	64.885
2275,	-380.0,	0.0,	64.906
2276,	-376.5,	0.0,	64.927
2277,	-373.0,	0.0,	64.948
2278,	-369.5,	0.0,	64.969
2279,	-366.0,	0.0,	64.99
2280,	-362.5,	0.0,	65.011
2281,	-359.0,	0.0,	65.032
2282,	-355.5,	0.0,	65.053
2283,	-352.0,	0.0,	65.074
2284,	-348.5,	0.0,	65.095
2285,	-345.0,	0.0,	65.116
2286,	-341.5,	0.0,	65.137
2287,	-338.0,	0.0,	65.158
2288,	-334.5,	0.0,	65.179
2289,	-331.0,	0.0,	65.2
2290,	-327.5,	0.0,	65.221
2291,	-324.0,	0.0,	65.242
2292,	-320.5,	0.0,	65.263
2293,	-317.0,	0.0,	65.284
2294,	-313.5,	0.0,	65.305
2295,	-310.0,	0.0,	65.326
2296,	-306.5,	0.0,	65.347
2297,	-303.0,	0.0,	65.368
2298,	-299.5,	0.0,	65.389
2299,	-296.0,	0.0,	65.41
2300,	-292.5,	0.0,	65.431
2301,	-289.0,	0.0,	65.452
2302,	-285.5,	0.0,	65.473
2303,	-282.0,	0.0,	65.494
2304,	-278.5,	0.0,	65.515
2305,	-275.0,	0.0,	65.536
2306,	-271.5,	0.0,	65.557
2307,	-268.0,	0.0,	65.578
2308,	-264.5,	0.0,	65.599
2309,	-261.0,	0.0,	65.62
2310,	-257.5,	0.0,	65.641
2311,	-254.0,	0.0,	65.662
2312,	-250.5,	0.0,	65.683
2313,	-247.0,	0.0,	65.704
2314,	-243.5,	0.0,	65.725
2315,	-240.0,	0.0,	65.746
2316,	-236.5,	0.0,	65.767
2317,	-233.0,	0.0,	65.788
2318,	-229.5,	0.0,	65.809
2319,	-226.0,	0.0,	65.83
2320,	-222.5,	0.0,	65.851
2321,	-219.0,	0.0,	65.872
2322,	-215.5,	0.0,	65.893
2323,	-212.0,	0.0,	65.914
2324,	-208.5,	0.0,	65.935
2325,	-205.0,	0.0,	65.956
2326,	-201.5,	0.0,	65.977
2327,	-198.0,	0.0,	65.998
2328,	-194.5,	0.0,	66.019
2329,	-191.0,	0.0,	66.04
2330,	-187.5,	0.0,	66.061
2331,	-184.0,	0.0,	66.082
2332,	-180.5,	0.0,	66.103
2333,	-177.0,	0.0,	66.124
2334,	-173.5,	0.0,	66.145
2335,	-170.0,	0.0,	66.166
2336,	-166.5,	0.0,	66.187
2337,	-163.0,	0.0,	66.208
2338,	-159.5,	0.0,	66.229
2339,	-156.0,	0.0,	66.25
2340,	-152.5,	0.0,	66.271
2341,	-149.0,	0.0,	66.292
2342,	-145.5,	0.0,	66.313
2343,	-142.0,	0.0,	66.334
2344,	-138.5,	0.0,	66.355
2345,	-135.0,	0.0,	66.376
2346,	-131.5,	0.0,	66.397
2347,	-128.0,	0.0,	66.418
2348,	-124.5,	0.0,	66.438775
2349,	-121.0,	0.0,	66.45955
2350,	-117.5,	0.0,	66.480325
2351,	-114.0,	0.0,	66.5011
2352,	-110.5,	0.0,	66.519825
2353,	-107.0,	0.0,	66.53855
2354,	-103.5,	0.0,	66.557275
2355,	-100.0,	0.0,	66.576
2356,	-96.5,	0.0,	66.592275
2357,	-93.0,	0.0,	66.60855
2358,	-89.5,	0.0,	66.624825
2359,	-86.0,	0.0,	66.6411
2360,	-82.5,	0.0,	66.654925
2361,	-79.0,	0.0,	66.66875
2362,	-75.5,	0.0,	66.682575
2363,	-72.0,	0.0,	66.6964
2364,	-68.5,	0.0,	66.707775
2365,	-65.0,	0.0,	66.71915
2366,	-61.5,	0.0,	66.730525
2367,	-58.0,	0.0,	66.7419
2368,	-54.5,	0.0,	66.750825
2369,	-51.0,	0.0,	66.75975
2370,	-47.5,	0.0,	66.768675
2371,	-44.0,	0.0,	66.7776
2372,	-40.5,	0.0,	66.784075
2373,	-37.0,	0.0,	66.79055
2374,	-33.5,	0.0,	66.797025
2375,	-30.0,	0.0,	66.8035
2376,	-26.25,	0.0,	66.807725
2377,	-22.5,	0.0,	66.81195
2378,	-18.75,	0.0,	66.816175
2379,	-15.0,	0.0,	66.8204
2380,	-11.25,	0.0,	66.8218
2381,	-7.5,	0.0,	66.8232
2382,	-3.75,	0.0,	66.8246
2383,	0.0,	0.0,	66.826
2384,	3.75,	0.0,	66.8246
2385,	7.5,	0.0,	66.8232
2386,	11.25,	0.0,	66.8218
2387,	15.0,	0.0,	66.8204
2388,	18.75,	0.0,	66.816175
2389,	22.5,	0.0,	66.81195
2390,	26.25,	0.0,	66.807725
2391,	30.0,	0.0,	66.8035
2392,	33.5,	0.0,	66.797025
2393,	37.0,	0.0,	66.79055
2394,	40.5,	0.0,	66.784075
2395,	44.0,	0.0,	66.7776
2396,	47.5,	0.0,	66.768675
2397,	51.0,	0.0,	66.75975
2398,	54.5,	0.0,	66.750825
2399,	58.0,	0.0,	66.7419
2400,	61.5,	0.0,	66.730525
2401,	65.0,	0.0,	66.71915
2402,	68.5,	0.0,	66.707775
2403,	72.0,	0.0,	66.6964
2404,	75.5,	0.0,	66.682575
2405,	79.0,	0.0,	66.66875
2406,	82.5,	0.0,	66.654925
2407,	86.0,	0.0,	66.6411
2408,	89.5,	0.0,	66.624825
2409,	93.0,	0.0,	66.60855
2410,	96.5,	0.0,	66.592275
2411,	100.0,	0.0,	66.576
2412,	103.5,	0.0,	66.557275
2413,	107.0,	0.0,	66.53855
2414,	110.5,	0.0,	66.519825
2415,	114.0,	0.0,	66.5011
2416,	117.5,	0.0,	66.480325
2417,	121.0,	0.0,	66.45955
2418,	124.5,	0.0,	66.438775
2419,	128.0,	0.0,	66.418
2420,	131.5,	0.0,	66.397
2421,	135.0,	0.0,	66.376
2422,	138.5,	0.0,	66.355
2423,	142.0,	0.0,	66.334
2424,	145.5,	0.0,	66.313
2425,	149.0,	0.0,	66.292
2426,	152.5,	0.0,	66.271
2427,	156.0,	0.0,	66.25
2428,	159.5,	0.0,	66.229
2429,	163.0,	0.0,	66.208
2430,	166.5,	0.0,	66.187
2431,	170.0,	0.0,	66.166
2432,	173.5,	0.0,	66.145
2433,	177.0,	0.0,	66.124
2434,	180.5,	0.0,	66.103
2435,	184.0,	0.0,	66.082
2436,	187.5,	0.0,	66.061
2437,	191.0,	0.0,	66.04
2438,	194.5,	0.0,	66.019
2439,	198.0,	0.0,	65.998
2440,	201.5,	0.0,	65.977
2441,	205.0,	0.0,	65.956
2442,	208.5,	0.0,	65.935
2443,	212.0,	0.0,	65.914
2444,	215.5,	0.0,	65.893
2445,	219.0,	0.0,	65.872
2446,	222.5,	0.0,	65.851
2447,	226.0,	0.0,	65.83
2448,	229.5,	0.0,	65.809
2449,	233.0,	0.0,	65.788
2450,	236.5,	0.0,	65.767
2451,	240.0,	0.0,	65.746
2452,	243.5,	0.0,	65.725
2453,	247.0,	0.0,	65.704
2454,	250.5,	0.0,	65.683
2455,	254.0,	0.0,	65.662
2456,	257.5,	0.0,	65.641
2457,	261.0,	0.0,	65.62
2458,	264.5,	0.0,	65.599
2459,	268.0,	0.0,	65.578
2460,	271.5,	0.0,	65.557
2461,	275.0,	0.0,	65.536
2462,	278.5,	0.0,	65.515
2463,	282.0,	0.0,	65.494
2464,	285.5,	0.0,	65.473
2465,	289.0,	0.0,	65.452
2466,	292.5,	0.0,	65.431
2467,	296.0,	0.0,	65.41
2468,	299.5,	0.0,	65.389
2469,	303.0,	0.0,	65.368
2470,	306.5,	0.0,	65.347
2471,	310.0,	0.0,	65.326
2472,	313.5,	0.0,	65.305
2473,	317.0,	0.0,	65.284
2474,	320.5,	0.0,	65.263
2475,	324.0,	0.0,	65.242
2476,	327.5,	0.0,	65.221
2477,	331.0,	0.0,	65.2
2478,	334.5,	0.0,	65.179
2479,	338.0,	0.0,	65.158
2480,	341.5,	0.0,	65.137
2481,	345.0,	0.0,	65.116
2482,	348.5,	0.0,	65.095
2483,	352.0,	0.0,	65.074
2484,	355.5,	0.0,	65.053
2485,	359.0,	0.0,	65.032
2486,	362.5,	0.0,	65.011
2487,	366.0,	0.0,	64.99
2488,	369.5,	0.0,	64.969
2489,	373.0,	0.0,	64.948
2490,	376.5,	0.0,	64.927
2491,	380.0,	0.0,	64.906
2492,	383.5,	0.0,	64.885
2493,	387.0,	0.0,	64.864
2494,	390.5,	0.0,	64.843
2495,	394.0,	0.0,	64.822
2496,	397.5,	0.0,	64.801
2497,	401.0,	0.0,	64.78
2498,	404.5,	0.0,	64.759
2499,	408.0,	0.0,	64.738
2500,	411.5,	0.0,	64.717
2501,	415.0,	0.0,	64.696
2502,	418.5,	0.0,	64.675
2503,	422.0,	0.0,	64.654
2504,	425.5,	0.0,	64.633
2505,	429.0,	0.0,	64.612
2506,	432.5,	0.0,	64.591
2507,	436.0,	0.0,	64.57
2508,	439.5,	0.0,	64.549
2509,	443.0,	0.0,	64.528
2510,	446.5,	0.0,	64.507
2511,	450.0,	0.0,	64.486
2512,	453.5,	0.0,	64.465
2513,	457.0,	0.0,	64.444
2514,	460.5,	0.0,	64.423
2515,	464.0,	0.0,	64.402
2516,	467.5,	0.0,	64.381
2517,	471.0,	0.0,	64.36
2518,	474.5,	0.0,	64.339
2519,	478.0,	0.0,	64.318
2520,	481.5,	0.0,	64.297
2521,	485.0,	0.0,	64.276
2522,	488.5,	0.0,	64.255
2523,	492.0,	0.0,	64.234
2524,	495.5,	0.0,	64.213
2525,	499.0,	0.0,	64.192
2526,	502.5,	0.0,	64.171
2527,	506.0,	0.0,	64.15
2528,	509.5,	0.0,	64.129
2529,	513.0,	0.0,	64.108
2530,	516.5,	0.0,	64.087
2531,	520.0,	0.0,	64.066
2532,	523.5,	0.0,	64.045
2533,	527.0,	0.0,	64.024
2534,	530.5,	0.0,	64.003
2535,	534.0,	0.0,	63.982
2536,	537.5,	0.0,	63.961
2537,	541.0,	0.0,	63.94
2538,	544.5,	0.0,	63.919
2539,	548.0,	0.0,	63.898
2540,	551.5,	0.0,	63.877
2541,	555.0,	0.0,	63.856
2542,	558.5,	0.0,	63.835
2543,	562.0,	0.0,	63.814
2544,	565.5,	0.0,	63.793
2545,	569.0,	0.0,	63.772
2546,	572.5,	0.0,	63.751
2547,	576.0,	0.0,	63.73
2548,	579.5,	0.0,	63.709
2549,	583.0,	0.0,	63.688
2550,	586.5,	0.0,	63.667
2551,	590.0,	0.0,	63.646
2552,	593.5,	0.0,	63.625
2553,	597.0,	0.0,	63.604
2554,	600.5,	0.0,	63.583
2555,	604.0,	0.0,	63.562
2556,	607.5,	0.0,	63.541
2557,	611.0,	0.0,	63.52
2558,	614.5,	0.0,	63.499
2559,	618.0,	0.0,	63.478
2560,	621.5,	0.0,	63.457
2561,	625.0,	0.0,	63.436
2562,	628.5,	0.0,	63.415
2563,	632.0,	0.0,	63.394
2564,	635.5,	0.0,	63.373
2565,	639.0,	0.0,	63.352
2566,	642.5,	0.0,	63.331
2567,	646.0,	0.0,	63.31
2568,	649.5,	0.0,	63.289
2569,	653.0,	0.0,	63.268
2570,	656.5,	0.0,	63.247
2571,	660.0,	0.0,	63.226
2572,	663.5,	0.0,	63.205
2573,	667.0,	0.0,	63.184
2574,	670.5,	0.0,	63.163
2575,	674.0,	0.0,	63.142
2576,	677.5,	0.0,	63.121
2577,	681.0,	0.0,	63.1
2578,	684.5,	0.0,	63.079
2579,	688.0,	0.0,	63.058
2580,	691.5,	0.0,	63.037
2581,	695.0,	0.0,	63.016
2582,	698.5,	0.0,	62.995
2583,	702.0,	0.0,	62.974
2584,	705.5,	0.0,	62.953
2585,	709.0,	0.0,	62.932
2586,	712.5,	0.0,	62.911
2587,	716.0,	0.0,	62.89
2588,	719.5,	0.0,	62.869
2589,	723.0,	0.0,	62.848
2590,	726.5,	0.0,	62.827
2591,	730.0,	0.0,	62.806
2592,	733.5,	0.0,	62.785
2593,	737.0,	0.0,	62.764
2594,	740.5,	0.0,	62.743
2595,	744.0,	0.0,	62.722
2596,	747.5,	0.0,	62.701
2597,	751.0,	0.0,	62.68
2598,	754.5,	0.0,	62.659
2599,	758.0,	0.0,	62.638
2600,	761.5,	0.0,	62.617
2601,	765.0,	0.0,	62.596
2602,	768.5,	0.0,	62.575
2603,	772.0,	0.0,	62.554
2604,	775.5,	0.0,	62.533
2605,	779.0,	0.0,	62.512
2606,	782.5,	0.0,	62.491
2607,	786.0,	0.0,	62.47
2608,	789.5,	0.0,	62.449
2609,	793.0,	0.0,	62.428
2610,	796.5,	0.0,	62.407
2611,	800.0,	0.0,	62.386
2612,	803.5,	0.0,	62.365
2613,	807.0,	0.0,	62.344
2614,	810.5,	0.0,	62.323
2615,	814.0,	0.0,	62.302
2616,	817.5,	0.0,	62.281
2617,	821.0,	0.0,	62.26
2618,	824.5,	0.0,	62.239
2619,	828.0,	0.0,	62.218
2620,	831.5,	0.0,	62.197
2621,	835.0,	0.0,	62.176
2622,	838.5,	0.0,	62.155
2623,	842.0,	0.0,	62.134
2624,	845.5,	0.0,	62.113
2625,	849.0,	0.0,	62.092
2626,	852.5,	0.0,	62.071
2627,	856.0,	0.0,	62.05
2628,	859.5,	0.0,	62.029
2629,	863.0,	0.0,	62.008
2630,	866.5,	0.0,	61.987
2631,	870.0,	0.0,	61.966
2632,	873.5,	0.0,	61.945
2633,	877.0,	0.0,	61.924
2634,	880.5,	0.0,	61.903
2635,	884.0,	0.0,	61.882
2636,	887.5,	0.0,	61.861
2637,	891.0,	0.0,	61.84
2638,	894.5,	0.0,	61.819
2639,	898.0,	0.0,	61.798
2640,	901.5,	0.0,	61.777
2641,	905.0,	0.0,	61.756
2642,	908.5,	0.0,	61.735
2643,	912.0,	0.0,	61.714
2644,	915.5,	0.0,	61.693
2645,	919.0,	0.0,	61.672
2646,	922.5,	0.0,	61.651
2647,	926.0,	0.0,	61.63
2648,	929.5,	0.0,	61.609
2649,	933.0,	0.0,	61.588
2650,	936.5,	0.0,	61.567
2651,	940.0,	0.0,	61.546
2652,	943.5,	0.0,	61.525
2653,	947.0,	0.0,	61.504
2654,	950.5,	0.0,	61.483
2655,	954.0,	0.0,	61.462
2656,	957.5,	0.0,	61.441
2657,	961.0,	0.0,	61.42
2658,	964.5,	0.0,	61.399
2659,	968.0,	0.0,	61.378
2660,	971.5,	0.0,	61.357
2661,	975.0,	0.0,	61.336
2662,	978.5,	0.0,	61.315
2663,	982.0,	0.0,	61.294
2664,	985.5,	0.0,	61.273
2665,	989.0,	0.0,	61.252
2666,	992.5,	0.0,	61.231
2667,	996.0,	0.0,	61.21
2668,	999.5,	0.0,	61.189
2669,	1003.0,	0.0,	61.168
2670,	1006.5,	0.0,	61.147
2671,	1010.0,	0.0,	61.126
2672,	1013.5,	0.0,	61.105
2673,	1017.0,	0.0,	61.084
2674,	1020.5,	0.0,	61.063
2675,	1024.0,	0.0,	61.042
2676,	1027.5,	0.0,	61.021
2677,	1031.0,	0.0,	61.0
2678,	1034.5,	0.0,	60.979
2679,	1038.0,	0.0,	60.958
2680,	1041.5,	0.0,	60.937
2681,	1045.0,	0.0,	60.916
2682,	1048.5,	0.0,	60.895
2683,	1052.0,	0.0,	60.874
2684,	1055.5,	0.0,	60.853
2685,	1059.0,	0.0,	60.832
2686,	1062.5,	0.0,	60.811
2687,	1066.0,	0.0,	60.79
2688,	1069.5,	0.0,	60.769
2689,	1073.0,	0.0,	60.748
2690,	1076.5,	0.0,	60.727
2691,	1080.0,	0.0,	60.706
2692,	1083.5,	0.0,	60.685
2693,	1087.0,	0.0,	60.664
2694,	1090.5,	0.0,	60.643
2695,	1094.0,	0.0,	60.622
2696,	1097.5,	0.0,	60.601
2697,	1101.0,	0.0,	60.58
2698,	1104.5,	0.0,	60.559
2699,	1108.0,	0.0,	60.538
2700,	1111.5,	0.0,	60.517
2701,	1115.0,	0.0,	60.496
2702,	1118.5,	0.0,	60.475
2703,	1122.0,	0.0,	60.454
2704,	1125.5,	0.0,	60.433
2705,	1129.0,	0.0,	60.412
2706,	1132.5,	0.0,	60.391
2707,	1136.0,	0.0,	60.37
2708,	1139.5,	0.0,	60.349
2709,	1143.0,	0.0,	60.328
2710,	1146.5,	0.0,	60.307
2711,	1150.0,	0.0,	60.286
2712,	1153.5,	0.0,	60.265
2713,	1157.0,	0.0,	60.244
2714,	1160.5,	0.0,	60.223
2715,	1164.0,	0.0,	60.202
2716,	1167.5,	0.0,	60.181
2717,	1171.0,	0.0,	60.16
2718,	1174.5,	0.0,	60.139
2719,	1178.0,	0.0,	60.118
2720,	1181.5,	0.0,	60.097
2721,	1185.0,	0.0,	60.076
2722,	1188.5,	0.0,	60.055
2723,	1192.0,	0.0,	60.034
2724,	1195.5,	0.0,	60.013
2725,	1199.0,	0.0,	59.992
2726,	1202.5,	0.0,	59.971
2727,	1206.0,	0.0,	59.95
2728,	1209.5,	0.0,	59.929
2729,	1213.0,	0.0,	59.908
2730,	1216.5,	0.0,	59.887
2731,	1220.0,	0.0,	59.866
2732,	1223.5,	0.0,	59.845
2733,	1227.0,	0.0,	59.824
2734,	1230.5,	0.0,	59.803
2735,	1234.0,	0.0,	59.782
2736,	1237.5,	0.0,	59.761
2737,	1241.0,	0.0,	59.74
2738,	1244.5,	0.0,	59.719
2739,	1248.0,	0.0,	59.698
2740,	1251.5,	0.0,	59.677
2741,	1255.0,	0.0,	59.656
2742,	1258.5,	0.0,	59.635
2743,	1262.0,	0.0,	59.614
2744,	1265.3,	0.0,	59.5942
2745,	1268.6,	0.0,	59.5744
2746,	1271.9,	0.0,	59.5546
2747,	1276.0,	0.0,	59.53
2748,	1280.1,	0.0,	59.5054
2749,	1283.4,	0.0,	59.4856
2750,	1286.7,	0.0,	59.4658
2751,	1290.0,	0.0,	59.446
2752,	1293.3,	0.0,	59.4262
2753,	1296.6,	0.0,	59.4064
2754,	1299.9,	0.0,	59.3866
2755,	1304.0,	0.0,	59.362
2756,	1307.3,	0.0,	59.3422
2757,	1310.6,	0.0,	59.3224
2758,	1313.9,	0.0,	59.3026
2759,	1318.0,	0.0,	59.278
2760,	1320.5,	0.0,	59.263
2761,	1323.0,	0.0,	59.248
2762,	1325.5,	0.0,	59.233
2763,	1328.0,	0.0,	59.218
2764,	1330.1,	0.0,	59.2054
2765,	1331.1,	0.0,	59.1994
2766,	-744.0,	0.0,	298.0
2901,	-744.0,	7.187867,	54.5
2903,	-744.0,	0.0,	54.5
2905,	-744.0,	-7.187867,	54.5
2906,	744.0,	0.0,	298.0
3040,	744.0,	7.187867,	54.5
3042,	744.0,	0.0,	54.5
3044,	744.0,	-7.187867,	54.5
3215,	-744.0,	16.7,	62.388
3639,	744.0,	16.7,	62.388
3980,	-744.0,	-16.7,	62.388
4404,	744.0,	-16.7,	62.388
13001,	-1469.3,	0.0,	58.3702
13002,	-1468.7,	0.0,	58.3738
13003,	-1467.8,	0.0,	58.3792
13004,	-1464.8,	0.0,	58.3972
13005,	-1461.25,	0.0,	58.4185
13006,	-1457.7,	0.0,	58.4398
13007,	-1455.7,	0.0,	58.4518
13008,	-1452.2,	0.0,	58.4728
13009,	-1448.7,	0.0,	58.4938
13010,	-1445.2,	0.0,	58.5148
13011,	-1441.7,	0.0,	58.5358
13012,	-1438.7,	0.0,	58.5538
13013,	-1435.7,	0.0,	58.5718
13014,	-1432.7,	0.0,	58.5898
13015,	-1430.2,	0.0,	58.6048
13016,	-1428.7,	0.0,	58.6138
13017,	-1427.2,	0.0,	58.6228
13018,	-1424.7,	0.0,	58.6378
13019,	-1421.7,	0.0,	58.6558
13020,	-1418.7,	0.0,	58.6738
13021,	-1415.7,	0.0,	58.6918
13022,	-1412.2,	0.0,	58.7128
13023,	-1408.7,	0.0,	58.7338
13024,	-1405.2,	0.0,	58.7548
13025,	-1401.7,	0.0,	58.7758
13026,	-1400.7,	0.0,	58.7818
13027,	-1399.7,	0.0,	58.7878
13028,	-1396.2,	0.0,	58.8088
13029,	-1392.7,	0.0,	58.8298
13030,	-1389.2,	0.0,	58.8508
13031,	-1385.7,	0.0,	58.8718
13032,	-1382.7,	0.0,	58.8898
13033,	-1379.7,	0.0,	58.9078
13034,	-1376.7,	0.0,	58.9258
13035,	-1374.2,	0.0,	58.9408
13036,	-1372.7,	0.0,	58.9498
13037,	-1371.2,	0.0,	58.9588
13038,	-1368.7,	0.0,	58.9738
13039,	-1365.7,	0.0,	58.9918
13040,	-1362.7,	0.0,	59.0098
13041,	-1359.7,	0.0,	59.0278
13042,	-1356.2,	0.0,	59.0488
13043,	-1352.7,	0.0,	59.0698
13044,	-1349.2,	0.0,	59.0908
13045,	-1345.7,	0.0,	59.1118
13046,	-1343.7,	0.0,	59.1238
13047,	-1340.15,	0.0,	59.1451
13048,	-1336.6,	0.0,	59.1664
13049,	-1333.6,	0.0,	59.1844
13050,	-1332.7,	0.0,	59.1898
13051,	-1332.1,	0.0,	59.1934
14001,	1332.1,	0.0,	59.1934
14002,	1332.7,	0.0,	59.1898
14003,	1333.6,	0.0,	59.1844
14004,	1336.5,	0.0,	59.167
14005,	1339.7,	0.0,	59.1478
14006,	1341.7,	0.0,	59.1358
14007,	1345.2,	0.0,	59.1148
14008,	1348.7,	0.0,	59.0938
14009,	1352.2,	0.0,	59.0728
14010,	1355.7,	0.0,	59.0518
14011,	1359.2,	0.0,	59.0308
14012,	1362.7,	0.0,	59.0098
14013,	1365.7,	0.0,	58.9918
14014,	1368.7,	0.0,	58.9738
14015,	1371.2,	0.0,	58.9588
14016,	1372.7,	0.0,	58.9498
14017,	1374.2,	0.0,	58.9408
14018,	1376.7,	0.0,	58.9258
14019,	1379.7,	0.0,	58.9078
14020,	1382.7,	0.0,	58.8898
14021,	1386.2,	0.0,	58.8688
14022,	1389.7,	0.0,	58.8478
14023,	1393.2,	0.0,	58.8268
14024,	1396.7,	0.0,	58.8058
14025,	1400.2,	0.0,	58.7848
14026,	1403.7,	0.0,	58.7638
14027,	1404.7,	0.0,	58.7578
14028,	1405.7,	0.0,	58.7518
14029,	1409.2,	0.0,	58.7308
14030,	1412.7,	0.0,	58.7098
14031,	1416.2,	0.0,	58.6888
14032,	1419.7,	0.0,	58.6678
14033,	1423.2,	0.0,	58.6468
14034,	1426.7,	0.0,	58.6258
14035,	1429.7,	0.0,	58.6078
14036,	1432.7,	0.0,	58.5898
14037,	1435.2,	0.0,	58.5748
14038,	1436.7,	0.0,	58.5658
14039,	1438.2,	0.0,	58.5568
14040,	1440.7,	0.0,	58.5418
14041,	1443.7,	0.0,	58.5238
14042,	1446.7,	0.0,	58.5058
14043,	1450.2,	0.0,	58.4848
14044,	1453.7,	0.0,	58.4638
14045,	1457.2,	0.0,	58.4428
14046,	1460.7,	0.0,	58.4218
14047,	1464.2,	0.0,	58.4008
14048,	1467.7,	0.0,	58.3798
14049,	1469.7,	0.0,	58.3678
14050,	1472.9,	0.0,	58.3486
14051,	1475.8,	0.0,	58.3312
14052,	1476.7,	0.0,	58.3258
14053,	1477.3,	0.0,	58.3222


2001
2002
2003
2004
2005
2006
2007
2008
2009
2010
2011
2012
2013
2014
2015
2016
2017
2018
2019
2020
2021
2022
2023
2024
2025
2026
2027
2028
2029
2030
2031
2032
2033
2034
2035
2036
2037
2038
2039
2040
2041
2042
2043
2044
2045
2046
2047
2048
2049
2050
2051
2052
2053
2054
2055
2056
2057
2058
2059
2060
2061
2062
2063
2064
2065
2066
2067
2068
2069
2070
2071
2072
2073
2074
2075
2076
2077
2078
2079
2080
2081
2082
2083
2084
2085
2086
2087
2088
2089
2090
2091
2092
2093
2094
2095
2096
2097
2098
2099
2100
2101
2102
2103
2104
2105
2106
2107
2108
2109
2110
2111
2112
2113
2114
2115
2116
2117
2118
2119
2120
2121
2122
2123
2124
2125
2126
2127
2128
2129
2130
2131
2132
2133
2134
2135
2136
2137
2138
2139
2140
2141
2142
2143
2144
2145
2146
2147
2148
2149
2150
2151
2152
2153
2154
2155
2156
2157
2158
2159
2160
2161
2162
2163
2164
2165
2166
2167
2168
2169
2170
2171
2172
2173
2174
2175
2176
2177
2178
2179
2180
2181
2182
2183
2184
2185
2186
2187
2188
2189
2190
2191
2192
2193
2194
2195
2196
2197
2198
2199
2200
2201
2202
2203
2204
2205
2206
2207
2208
2209
2210
2211
2212
2213
2214
2215
2216
2217
2218
2219
2220
2221
2222
2223
2224
2225
2226
2227
2228
2229
2230
2231
2232
2233
2234
2235
2236
2237
2238
2239
2240
2241
2242
2243
2244
2245
2246
2247
2248
2249
2250
2251
2252
2253
2254
2255
2256
2257
2258
2259
2260
2261
2262
2263
2264
2265
2266
2267
2268
2269
2270
2271
2272
2273
2274
2275
2276
2277
2278
2279
2280
2281
2282
2283
2284
2285
2286
2287
2288
2289
2290
2291
2292
2293
2294
2295
2296
2297
2298
2299
2300
2301
2302
2303
2304
2305
2306
2307
2308
2309
2310
2311
2312
2313
2314
2315
2316
2317
2318
2319
2320
2321
2322
2323
2324
2325
2326
2327
2328
2329
2330
2331
2332
2333
2334
2335
2336
2337
2338
2339
2340
2341
2342
2343
2344
2345
2346
2347
2348
2349
2350
2351
2352
2353
2354
2355
2356
2357
2358
2359
2360
2361
2362
2363
2364
2365
2366
2367
2368
2369
2370
2371
2372
2373
2374
2375
2376
2377
2378
2379
2380
2381
2382
2383
2384
2385
2386
2387
2388
2389
2390
2391
2392
2393
2394
2395
2396
2397
2398
2399
2400
2401
2402
2403
2404
2405
2406
2407
2408
2409
2410
2411
2412
2413
2414
2415
2416
2417
2418
2419
2420
2421
2422
2423
2424
2425
2426
2427
2428
2429
2430
2431
2432
2433
2434
2435
2436
2437
2438
2439
2440
2441
2442
2443
2444
2445
2446
2447
2448
2449
2450
2451
2452
2453
2454
2455
2456
2457
2458
2459
2460
2461
2462
2463
2464
2465
2466
2467
2468
2469
2470
2471
2472
2473
2474
2475
2476
2477
2478
2479
2480
2481
2482
2483
2484
2485
2486
2487
2488
2489
2490
2491
2492
2493
2494
2495
2496
2497
2498
2499
2500
2501
2502
2503
2504
2505
2506
2507
2508
2509
2510
2511
2512
2513
2514
2515
2516
2517
2518
2519
2520
2521
2522
2523
2524
2525
2526
2527
2528
2529
2530
2531
2532
2533
2534
2535
2536
2537
2538
2539
2540
2541
2542
2543
2544
2545
2546
2547
2548
2549
2550
2551
2552
2553
2554
2555
2556
2557
2558
2559
2560
2561
2562
2563
2564
2565
2566
2567
2568
2569
2570
2571
2572
2573
2574
2575
2576
2577
2578
2579
2580
2581
2582
2583
2584
2585
2586
2587
2588
2589
2590
2591
2592
2593
2594
2595
2596
2597
2598
2599
2600
2601
2602
2603
2604
2605
2606
2607
2608
2609
2610
2611
2612
2613
2614
2615
2616
2617
2618
2619
2620
2621
2622
2623
2624
2625
2626
2627
2628
2629
2630
2631
2632
2633
2634
2635
2636
2637
2638
2639
2640
2641
2642
2643
2644
2645
2646
2647
2648
2649
2650
2651
2652
2653
2654
2655
2656
2657
2658
2659
2660
2661
2662
2663
2664
2665
2666
2667
2668
2669
2670
2671
2672
2673
2674
2675
2676
2677
2678
2679
2680
2681
2682
2683
2684
2685
2686
2687
2688
2689
2690
2691
2692
2693
2694
2695
2696
2697
2698
2699
2700
2701
2702
2703
2704
2705
2706
2707
2708
2709
2710
2711
2712
2713
2714
2715
2716
2717
2718
2719
2720
2721
2722
2723
2724
2725
2726
2727
2728
2729
2730
2731
2732
2733
2734
2735
2736
2737
2738
2739
2740
2741
2742
2743
2744
2745
2746
2747
2748
2749
2750
2751
2752
2753
2754
2755
2756
2757
2758
2759
2760
2761
2762
2763
2764
2765
13001
13002
13003
13004
13005
13006
13007
13008
13009
13010
13011
13012
13013
13014
13015
13016
13017
13018
13019
13020
13021
13022
13023
13024
13025
13026
13027
13028
13029
13030
13031
13032
13033
13034
13035
13036
13037
13038
13039
13040
13041
13042
13043
13044
13045
13046
13047
13048
13049
13050
13051
14001
14002
14003
14004
14005
14006
14007
14008
14009
14010
14011
14012
14013
14014
14015
14016
14017
14018
14019
14020
14021
14022
14023
14024
14025
14026
14027
14028
14029
14030
14031
14032
14033
14034
14035
14036
14037
14038
14039
14040
14041
14042
14043
14044
14045
14046
14047
14048
14049
14050
14051
14052
14053


2595,	3042,	0,	1
2171,	2903,	0,	1
2901,	3215,	0,	1
2905,	3980,	0,	1
3040,	3639,	0,	1
3044,	4404,	0,	1




1
D:\VBC_Guide_Samples\sample5-Xihoumen\±³·ç 15
bridgemode.dat
500
0.001	0.001	0.005	0.05


Post

11
2001	2001	1	!Ö÷ÇÅÁº¶Ë
2171	2171	1	!ËþÁºÁ¬½Ó
2277	2277	1	!1/4¿ç
2383	2383	1	!¿çÖÐ
2481	2481	1	!1/4¿ç
2595	2595	1	!ËþÁºÁ¬½Ó
2765	2765	1	!Ö÷ÇÅÁº¶Ë
2766	2766	1	!Ëþ¶¥
2906	2906	1	!Ëþ¶¥
13051	13051	1	!ÒýÇÅÁº¶Ë
14001	14001	1	!ÒýÇÅÁº¶Ë


0