1078	1078	0	0	240	0

1,	0.02,	2.5495,	6.413
2,	0.1875,	2.5495,	6.413
3,	0.60375,	2.5495,	6.413
4,	1.02,	2.5495,	6.413
5,	1.56,	2.5495,	6.413
6,	2.1,	2.5495,	6.413
7,	2.9,	2.5495,	6.413
8,	3.7,	2.5495,	6.413
9,	4.5,	2.5495,	6.413
10,	5.3,	2.5495,	6.413
11,	6.1,	2.5495,	6.413
12,	6.9,	2.5495,	6.413
13,	7.7,	2.5495,	6.413
14,	8.5,	2.5495,	6.413
15,	9.3,	2.5495,	6.413
16,	10.1,	2.5495,	6.413
17,	10.9,	2.5495,	6.413
18,	11.7,	2.5495,	6.413
19,	12.5,	2.5495,	6.413
20,	13.3,	2.5495,	6.413
21,	14.1,	2.5495,	6.413
22,	14.9,	2.5495,	6.413
23,	15.7,	2.5495,	6.413
24,	16.5,	2.5495,	6.413
25,	17.3,	2.5495,	6.413
26,	18.1,	2.5495,	6.413
27,	18.9,	2.5495,	6.413
28,	19.7,	2.5495,	6.413
29,	20.5,	2.5495,	6.413
30,	21.3,	2.5495,	6.413
31,	22.1,	2.5495,	6.413
32,	22.9,	2.5495,	6.413
33,	23.44,	2.5495,	6.413
34,	23.98,	2.5495,	6.413
35,	24.39625,	2.5495,	6.413
36,	24.8125,	2.5495,	6.413
37,	24.98,	2.5495,	6.413
38,	25.02,	2.5495,	6.413
39,	25.1875,	2.5495,	6.413
40,	25.60375,	2.5495,	6.413
41,	26.02,	2.5495,	6.413
42,	26.56,	2.5495,	6.413
43,	27.1,	2.5495,	6.413
44,	27.9,	2.5495,	6.413
45,	28.7,	2.5495,	6.413
46,	29.5,	2.5495,	6.413
47,	30.3,	2.5495,	6.413
48,	31.1,	2.5495,	6.413
49,	31.9,	2.5495,	6.413
50,	32.7,	2.5495,	6.413
51,	33.5,	2.5495,	6.413
52,	34.3,	2.5495,	6.413
53,	35.1,	2.5495,	6.413
54,	35.9,	2.5495,	6.413
55,	36.7,	2.5495,	6.413
56,	37.5,	2.5495,	6.413
57,	38.3,	2.5495,	6.413
58,	39.1,	2.5495,	6.413
59,	39.9,	2.5495,	6.413
60,	40.7,	2.5495,	6.413
61,	41.5,	2.5495,	6.413
62,	42.3,	2.5495,	6.413
63,	43.1,	2.5495,	6.413
64,	43.9,	2.5495,	6.413
65,	44.7,	2.5495,	6.413
66,	45.5,	2.5495,	6.413
67,	46.3,	2.5495,	6.413
68,	47.1,	2.5495,	6.413
69,	47.9,	2.5495,	6.413
70,	48.44,	2.5495,	6.413
71,	48.98,	2.5495,	6.413
72,	49.39625,	2.5495,	6.413
73,	49.8125,	2.5495,	6.413
74,	49.98,	2.5495,	6.413
75,	50.02,	2.5495,	6.413
76,	50.1875,	2.5495,	6.413
77,	50.60375,	2.5495,	6.413
78,	51.02,	2.5495,	6.413
79,	51.56,	2.5495,	6.413
80,	52.1,	2.5495,	6.413
81,	52.9,	2.5495,	6.413
82,	53.7,	2.5495,	6.413
83,	54.5,	2.5495,	6.413
84,	55.3,	2.5495,	6.413
85,	56.1,	2.5495,	6.413
86,	56.9,	2.5495,	6.413
87,	57.7,	2.5495,	6.413
88,	58.5,	2.5495,	6.413
89,	59.3,	2.5495,	6.413
90,	60.1,	2.5495,	6.413
91,	60.9,	2.5495,	6.413
92,	61.7,	2.5495,	6.413
93,	62.5,	2.5495,	6.413
94,	63.3,	2.5495,	6.413
95,	64.1,	2.5495,	6.413
96,	64.9,	2.5495,	6.413
97,	65.7,	2.5495,	6.413
98,	66.5,	2.5495,	6.413
99,	67.3,	2.5495,	6.413
100,	68.1,	2.5495,	6.413
101,	68.9,	2.5495,	6.413
102,	69.7,	2.5495,	6.413
103,	70.5,	2.5495,	6.413
104,	71.3,	2.5495,	6.413
105,	72.1,	2.5495,	6.413
106,	72.9,	2.5495,	6.413
107,	73.44,	2.5495,	6.413
108,	73.98,	2.5495,	6.413
109,	74.39625,	2.5495,	6.413
110,	74.8125,	2.5495,	6.413
111,	74.98,	2.5495,	6.413
112,	75.02,	2.5495,	6.413
113,	75.1875,	2.5495,	6.413
114,	75.60375,	2.5495,	6.413
115,	76.02,	2.5495,	6.413
116,	76.56,	2.5495,	6.413
117,	77.1,	2.5495,	6.413
118,	77.9,	2.5495,	6.413
119,	78.7,	2.5495,	6.413
120,	79.5,	2.5495,	6.413
121,	80.3,	2.5495,	6.413
122,	81.1,	2.5495,	6.413
123,	81.9,	2.5495,	6.413
124,	82.7,	2.5495,	6.413
125,	83.5,	2.5495,	6.413
126,	84.3,	2.5495,	6.413
127,	85.1,	2.5495,	6.413
128,	85.9,	2.5495,	6.413
129,	86.7,	2.5495,	6.413
130,	87.5,	2.5495,	6.413
131,	88.3,	2.5495,	6.413
132,	89.1,	2.5495,	6.413
133,	89.9,	2.5495,	6.413
134,	90.7,	2.5495,	6.413
135,	91.5,	2.5495,	6.413
136,	92.3,	2.5495,	6.413
137,	93.1,	2.5495,	6.413
138,	93.9,	2.5495,	6.413
139,	94.7,	2.5495,	6.413
140,	95.5,	2.5495,	6.413
141,	96.3,	2.5495,	6.413
142,	97.1,	2.5495,	6.413
143,	97.9,	2.5495,	6.413
144,	98.44,	2.5495,	6.413
145,	98.98,	2.5495,	6.413
146,	99.39625,	2.5495,	6.413
147,	99.8125,	2.5495,	6.413
148,	99.98,	2.5495,	6.413
149,	100.02,	2.5495,	6.413
150,	100.1875,	2.5495,	6.413
151,	100.60375,	2.5495,	6.413
152,	101.02,	2.5495,	6.413
153,	101.56,	2.5495,	6.413
154,	102.1,	2.5495,	6.413
155,	102.9,	2.5495,	6.413
156,	103.7,	2.5495,	6.413
157,	104.5,	2.5495,	6.413
158,	105.3,	2.5495,	6.413
159,	106.1,	2.5495,	6.413
160,	106.9,	2.5495,	6.413
161,	107.7,	2.5495,	6.413
162,	108.5,	2.5495,	6.413
163,	109.3,	2.5495,	6.413
164,	110.1,	2.5495,	6.413
165,	110.9,	2.5495,	6.413
166,	111.7,	2.5495,	6.413
167,	112.5,	2.5495,	6.413
168,	113.3,	2.5495,	6.413
169,	114.1,	2.5495,	6.413
170,	114.9,	2.5495,	6.413
171,	115.7,	2.5495,	6.413
172,	116.5,	2.5495,	6.413
173,	117.3,	2.5495,	6.413
174,	118.1,	2.5495,	6.413
175,	118.9,	2.5495,	6.413
176,	119.7,	2.5495,	6.413
177,	120.5,	2.5495,	6.413
178,	121.3,	2.5495,	6.413
179,	122.1,	2.5495,	6.413
180,	122.9,	2.5495,	6.413
181,	123.44,	2.5495,	6.413
182,	123.98,	2.5495,	6.413
183,	124.39625,	2.5495,	6.413
184,	124.8125,	2.5495,	6.413
185,	124.98,	2.5495,	6.413
186,	125.02,	2.5495,	6.413
187,	125.1875,	2.5495,	6.413
188,	125.60375,	2.5495,	6.413
189,	126.02,	2.5495,	6.413
190,	126.56,	2.5495,	6.413
191,	127.1,	2.5495,	6.413
192,	127.9,	2.5495,	6.413
193,	128.7,	2.5495,	6.413
194,	129.5,	2.5495,	6.413
195,	130.3,	2.5495,	6.413
196,	131.1,	2.5495,	6.413
197,	131.9,	2.5495,	6.413
198,	132.7,	2.5495,	6.413
199,	133.5,	2.5495,	6.413
200,	134.3,	2.5495,	6.413
201,	135.1,	2.5495,	6.413
202,	135.9,	2.5495,	6.413
203,	136.7,	2.5495,	6.413
204,	137.5,	2.5495,	6.413
205,	138.3,	2.5495,	6.413
206,	139.1,	2.5495,	6.413
207,	139.9,	2.5495,	6.413
208,	140.7,	2.5495,	6.413
209,	141.5,	2.5495,	6.413
210,	142.3,	2.5495,	6.413
211,	143.1,	2.5495,	6.413
212,	143.9,	2.5495,	6.413
213,	144.7,	2.5495,	6.413
214,	145.5,	2.5495,	6.413
215,	146.3,	2.5495,	6.413
216,	147.1,	2.5495,	6.413
217,	147.9,	2.5495,	6.413
218,	148.44,	2.5495,	6.413
219,	148.98,	2.5495,	6.413
220,	149.39625,	2.5495,	6.413
221,	149.8125,	2.5495,	6.413
222,	149.98,	2.5495,	6.413
223,	150.02,	2.5495,	6.413
224,	150.1875,	2.5495,	6.413
225,	150.60375,	2.5495,	6.413
226,	151.02,	2.5495,	6.413
227,	151.56,	2.5495,	6.413
228,	152.1,	2.5495,	6.413
229,	152.9,	2.5495,	6.413
230,	153.7,	2.5495,	6.413
231,	154.5,	2.5495,	6.413
232,	155.3,	2.5495,	6.413
233,	156.1,	2.5495,	6.413
234,	156.9,	2.5495,	6.413
235,	157.7,	2.5495,	6.413
236,	158.5,	2.5495,	6.413
237,	159.3,	2.5495,	6.413
238,	160.1,	2.5495,	6.413
239,	160.9,	2.5495,	6.413
240,	161.7,	2.5495,	6.413
241,	162.5,	2.5495,	6.413
242,	163.3,	2.5495,	6.413
243,	164.1,	2.5495,	6.413
244,	164.9,	2.5495,	6.413
245,	165.7,	2.5495,	6.413
246,	166.5,	2.5495,	6.413
247,	167.3,	2.5495,	6.413
248,	168.1,	2.5495,	6.413
249,	168.9,	2.5495,	6.413
250,	169.7,	2.5495,	6.413
251,	170.5,	2.5495,	6.413
252,	171.3,	2.5495,	6.413
253,	172.1,	2.5495,	6.413
254,	172.9,	2.5495,	6.413
255,	173.44,	2.5495,	6.413
256,	173.98,	2.5495,	6.413
257,	174.39625,	2.5495,	6.413
258,	174.8125,	2.5495,	6.413
259,	174.98,	2.5495,	6.413
260,	175.02,	2.5495,	6.413
261,	175.1875,	2.5495,	6.413
262,	175.60375,	2.5495,	6.413
263,	176.02,	2.5495,	6.413
264,	176.56,	2.5495,	6.413
265,	177.1,	2.5495,	6.413
266,	177.9,	2.5495,	6.413
267,	178.7,	2.5495,	6.413
268,	179.5,	2.5495,	6.413
269,	180.3,	2.5495,	6.413
270,	181.1,	2.5495,	6.413
271,	181.9,	2.5495,	6.413
272,	182.7,	2.5495,	6.413
273,	183.5,	2.5495,	6.413
274,	184.3,	2.5495,	6.413
275,	185.1,	2.5495,	6.413
276,	185.9,	2.5495,	6.413
277,	186.7,	2.5495,	6.413
278,	187.5,	2.5495,	6.413
279,	188.3,	2.5495,	6.413
280,	189.1,	2.5495,	6.413
281,	189.9,	2.5495,	6.413
282,	190.7,	2.5495,	6.413
283,	191.5,	2.5495,	6.413
284,	192.3,	2.5495,	6.413
285,	193.1,	2.5495,	6.413
286,	193.9,	2.5495,	6.413
287,	194.7,	2.5495,	6.413
288,	195.5,	2.5495,	6.413
289,	196.3,	2.5495,	6.413
290,	197.1,	2.5495,	6.413
291,	197.9,	2.5495,	6.413
292,	198.44,	2.5495,	6.413
293,	198.98,	2.5495,	6.413
294,	199.39625,	2.5495,	6.413
295,	199.8125,	2.5495,	6.413
296,	199.98,	2.5495,	6.413
297,	200.02,	2.5495,	6.413
298,	200.1875,	2.5495,	6.413
299,	200.60375,	2.5495,	6.413
300,	201.02,	2.5495,	6.413
301,	201.56,	2.5495,	6.413
302,	202.1,	2.5495,	6.413
303,	202.9,	2.5495,	6.413
304,	203.7,	2.5495,	6.413
305,	204.5,	2.5495,	6.413
306,	205.3,	2.5495,	6.413
307,	206.1,	2.5495,	6.413
308,	206.9,	2.5495,	6.413
309,	207.7,	2.5495,	6.413
310,	208.5,	2.5495,	6.413
311,	209.3,	2.5495,	6.413
312,	210.1,	2.5495,	6.413
313,	210.9,	2.5495,	6.413
314,	211.7,	2.5495,	6.413
315,	212.5,	2.5495,	6.413
316,	213.3,	2.5495,	6.413
317,	214.1,	2.5495,	6.413
318,	214.9,	2.5495,	6.413
319,	215.7,	2.5495,	6.413
320,	216.5,	2.5495,	6.413
321,	217.3,	2.5495,	6.413
322,	218.1,	2.5495,	6.413
323,	218.9,	2.5495,	6.413
324,	219.7,	2.5495,	6.413
325,	220.5,	2.5495,	6.413
326,	221.3,	2.5495,	6.413
327,	222.1,	2.5495,	6.413
328,	222.9,	2.5495,	6.413
329,	223.44,	2.5495,	6.413
330,	223.98,	2.5495,	6.413
331,	224.39625,	2.5495,	6.413
332,	224.8125,	2.5495,	6.413
333,	224.98,	2.5495,	6.413
334,	225.02,	2.5495,	6.413
335,	225.1875,	2.5495,	6.413
336,	225.60375,	2.5495,	6.413
337,	226.02,	2.5495,	6.413
338,	226.56,	2.5495,	6.413
339,	227.1,	2.5495,	6.413
340,	227.9,	2.5495,	6.413
341,	228.7,	2.5495,	6.413
342,	229.5,	2.5495,	6.413
343,	230.3,	2.5495,	6.413
344,	231.1,	2.5495,	6.413
345,	231.9,	2.5495,	6.413
346,	232.7,	2.5495,	6.413
347,	233.5,	2.5495,	6.413
348,	234.3,	2.5495,	6.413
349,	235.1,	2.5495,	6.413
350,	235.9,	2.5495,	6.413
351,	236.7,	2.5495,	6.413
352,	237.5,	2.5495,	6.413
353,	238.3,	2.5495,	6.413
354,	239.1,	2.5495,	6.413
355,	239.9,	2.5495,	6.413
356,	240.7,	2.5495,	6.413
357,	241.5,	2.5495,	6.413
358,	242.3,	2.5495,	6.413
359,	243.1,	2.5495,	6.413
360,	243.9,	2.5495,	6.413
361,	244.7,	2.5495,	6.413
362,	245.5,	2.5495,	6.413
363,	246.3,	2.5495,	6.413
364,	247.1,	2.5495,	6.413
365,	247.9,	2.5495,	6.413
366,	248.44,	2.5495,	6.413
367,	248.98,	2.5495,	6.413
368,	249.39625,	2.5495,	6.413
369,	249.8125,	2.5495,	6.413
370,	249.98,	2.5495,	6.413
371,	250.02,	2.5495,	6.413
372,	250.1875,	2.5495,	6.413
373,	250.60375,	2.5495,	6.413
374,	251.02,	2.5495,	6.413
375,	251.51,	2.5495,	6.413
376,	252.0,	2.5495,	6.413
377,	252.8,	2.5495,	6.413
378,	253.6,	2.5495,	6.413
379,	254.4,	2.5495,	6.413
380,	255.2,	2.5495,	6.413
381,	256.0,	2.5495,	6.413
382,	256.8,	2.5495,	6.413
383,	257.6,	2.5495,	6.413
384,	258.4,	2.5495,	6.413
385,	259.2,	2.5495,	6.413
386,	260.0,	2.5495,	6.413
387,	260.8,	2.5495,	6.413
388,	261.6,	2.5495,	6.413
389,	262.4,	2.5495,	6.413
390,	263.2,	2.5495,	6.413
391,	264.0,	2.5495,	6.413
392,	264.8,	2.5495,	6.413
393,	265.6,	2.5495,	6.413
394,	266.4,	2.5495,	6.413
395,	267.2,	2.5495,	6.413
396,	268.0,	2.5495,	6.413
397,	268.49,	2.5495,	6.413
398,	268.98,	2.5495,	6.413
399,	269.39625,	2.5495,	6.413
400,	269.8125,	2.5495,	6.413
401,	269.98,	2.5495,	6.413
402,	270.02,	2.5495,	6.413
403,	270.1875,	2.5495,	6.413
404,	270.60375,	2.5495,	6.413
405,	271.02,	2.5495,	6.413
406,	271.56,	2.5495,	6.413
407,	272.1,	2.5495,	6.413
408,	272.7,	2.5495,	6.413
409,	273.5,	2.5495,	6.413
410,	274.3,	2.5495,	6.413
411,	275.1,	2.5495,	6.413
412,	275.9,	2.5495,	6.413
413,	276.7,	2.5495,	6.413
414,	277.5,	2.5495,	6.413
415,	278.3,	2.5495,	6.413
416,	279.1,	2.5495,	6.413
417,	279.9,	2.5495,	6.413
418,	280.878,	2.5495,	6.413
419,	281.5,	2.5495,	6.413
420,	282.3,	2.5495,	6.413
421,	283.1,	2.5495,	6.413
422,	283.9,	2.5495,	6.413
423,	284.7,	2.5495,	6.413
424,	285.5,	2.5495,	6.413
425,	286.3,	2.5495,	6.413
426,	286.9,	2.5495,	6.413
427,	287.44,	2.5495,	6.413
428,	287.98,	2.5495,	6.413
429,	288.39625,	2.5495,	6.413
430,	288.8125,	2.5495,	6.413
431,	288.98,	2.5495,	6.413
432,	289.02,	2.5495,	6.413
433,	289.1875,	2.5495,	6.413
434,	289.60375,	2.5495,	6.413
435,	290.02,	2.5495,	6.413
436,	290.76,	2.5495,	6.413
437,	291.5,	2.5495,	6.413
438,	292.3,	2.5495,	6.413
439,	293.1,	2.5495,	6.413
440,	293.9,	2.5495,	6.413
441,	294.7,	2.5495,	6.413
442,	295.5,	2.5495,	6.413
443,	296.3,	2.5495,	6.413
444,	297.1,	2.5495,	6.413
445,	297.9,	2.5495,	6.413
446,	298.7,	2.5495,	6.413
447,	299.5,	2.5495,	6.413
448,	300.3,	2.5495,	6.413
449,	301.1,	2.5495,	6.413
450,	301.9,	2.5495,	6.413
451,	302.7,	2.5495,	6.413
452,	303.5,	2.5495,	6.413
453,	304.3,	2.5495,	6.413
454,	305.1,	2.5495,	6.413
455,	305.9,	2.5495,	6.413
456,	306.7,	2.5495,	6.413
457,	307.5,	2.5495,	6.413
458,	308.24,	2.5495,	6.413
459,	308.98,	2.5495,	6.413
460,	309.39625,	2.5495,	6.413
461,	309.8125,	2.5495,	6.413
462,	309.98,	2.5495,	6.413
463,	310.02,	2.5495,	6.413
464,	310.1875,	2.5495,	6.413
465,	310.60375,	2.5495,	6.413
466,	311.02,	2.5495,	6.413
467,	311.51,	2.5495,	6.413
468,	312.0,	2.5495,	6.413
469,	312.8,	2.5495,	6.413
470,	313.6,	2.5495,	6.413
471,	314.4,	2.5495,	6.413
472,	315.2,	2.5495,	6.413
473,	316.0,	2.5495,	6.413
474,	316.8,	2.5495,	6.413
475,	317.6,	2.5495,	6.413
476,	318.4,	2.5495,	6.413
477,	319.2,	2.5495,	6.413
478,	320.0,	2.5495,	6.413
479,	320.8,	2.5495,	6.413
480,	321.6,	2.5495,	6.413
481,	322.4,	2.5495,	6.413
482,	323.2,	2.5495,	6.413
483,	324.0,	2.5495,	6.413
484,	324.8,	2.5495,	6.413
485,	325.6,	2.5495,	6.413
486,	326.4,	2.5495,	6.413
487,	327.2,	2.5495,	6.413
488,	328.0,	2.5495,	6.413
489,	328.49,	2.5495,	6.413
490,	328.98,	2.5495,	6.413
491,	329.39625,	2.5495,	6.413
492,	329.8125,	2.5495,	6.413
493,	329.98,	2.5495,	6.413
494,	330.02,	2.5496,	6.413
495,	330.1875,	2.5503,	6.413
496,	330.5937,	2.552,	6.413
497,	331.0,	2.5537,	6.413
498,	331.4905,	2.5557,	6.413
499,	331.9811,	2.5578,	6.413
500,	332.4717,	2.5599,	6.413
501,	332.9622,	2.5619,	6.413
502,	333.4528,	2.564,	6.413
503,	333.9433,	2.566,	6.413
504,	334.4339,	2.5681,	6.413
505,	334.9244,	2.5701,	6.413
506,	335.415,	2.5722,	6.413
507,	335.9055,	2.5743,	6.413
508,	336.3961,	2.5763,	6.413
509,	336.8867,	2.5784,	6.413
510,	337.3772,	2.5804,	6.413
511,	337.8678,	2.5825,	6.413
512,	338.3583,	2.5845,	6.413
513,	338.8489,	2.5866,	6.413
514,	339.3394,	2.5887,	6.413
515,	339.83,	2.5907,	6.413
516,	340.3205,	2.5928,	6.413
517,	340.8111,	2.5948,	6.413
518,	341.3111,	2.5986,	6.413
519,	341.8111,	2.6023,	6.413
520,	342.311,	2.606,	6.413
521,	342.811,	2.6097,	6.413
522,	343.311,	2.6135,	6.413
523,	343.811,	2.6172,	6.413
524,	344.311,	2.6209,	6.413
525,	344.811,	2.6247,	6.413
526,	345.311,	2.6284,	6.413
527,	345.8109,	2.6321,	6.413
528,	346.3497,	2.6469,	6.413
529,	346.8885,	2.6617,	6.413
530,	347.4274,	2.6765,	6.413
531,	347.9662,	2.6913,	6.413
532,	348.505,	2.7061,	6.413
533,	349.0438,	2.7209,	6.413
534,	349.4499,	2.7321,	6.413
535,	349.856,	2.7432,	6.413
536,	350.0234,	2.7478,	6.413
537,	350.0634,	2.7489,	6.413
538,	350.2308,	2.7535,	6.413
539,	350.6369,	2.7647,	6.413
540,	351.0428,	2.7852,	6.413
541,	351.5182,	2.8173,	6.413
542,	351.9936,	2.8494,	6.413
543,	352.469,	2.8816,	6.413
544,	352.9444,	2.9137,	6.413
545,	353.4199,	2.9458,	6.413
546,	353.8953,	2.9779,	6.413
547,	354.3707,	3.01,	6.413
548,	354.8461,	3.0422,	6.413
549,	355.3215,	3.0743,	6.413
550,	355.797,	3.1064,	6.413
551,	356.2928,	3.1699,	6.413
552,	356.7886,	3.2335,	6.413
553,	357.2845,	3.297,	6.413
554,	357.7803,	3.3606,	6.413
555,	358.2762,	3.4241,	6.413
556,	358.772,	3.4877,	6.413
557,	359.2678,	3.5512,	6.413
558,	359.7637,	3.6148,	6.413
559,	360.2595,	3.6783,	6.413
560,	360.7553,	3.7418,	6.413
561,	361.2444,	3.8448,	6.413
562,	361.7335,	3.9477,	6.413
563,	362.2226,	4.0507,	6.413
564,	362.7116,	4.1536,	6.413
565,	363.2007,	4.2566,	6.413
566,	363.6898,	4.3595,	6.413
567,	364.1789,	4.4625,	6.413
568,	364.6679,	4.5654,	6.413
569,	365.157,	4.6684,	6.413
570,	365.6461,	4.7713,	6.413
571,	366.1614,	4.9081,	6.413
572,	366.6752,	5.0504,	6.413
573,	367.1875,	5.1981,	6.413
574,	367.6982,	5.3513,	6.413
575,	368.2073,	5.51,	6.413
576,	368.7146,	5.674,	6.413
577,	369.1,	5.8027,	6.413
578,	369.4843,	5.9344,	6.413
579,	369.6424,	5.9897,	6.413
580,	369.6801,	6.0029,	6.413
581,	369.838,	6.0588,	6.413
582,	370.2202,	6.1966,	6.413
583,	370.6013,	6.3374,	6.413
584,	371.0687,	6.515,	6.413
585,	371.5343,	6.6973,	6.413
586,	371.998,	6.8841,	6.413
587,	372.4599,	7.0757,	6.413
588,	372.9198,	7.2718,	6.413
589,	373.3777,	7.4725,	6.413
590,	373.8336,	7.6778,	6.413
591,	374.2875,	7.8877,	6.413
592,	374.7392,	8.102,	6.413
593,	375.1887,	8.3209,	6.413
594,	375.636,	8.5442,	6.413
595,	376.0811,	8.7721,	6.413
596,	376.5239,	9.0043,	6.413
597,	376.9643,	9.241,	6.413
598,	377.4023,	9.4821,	6.413
599,	377.8379,	9.7275,	6.413
600,	378.271,	9.9773,	6.413
601,	378.7017,	10.2314,	6.413
602,	379.1297,	10.4898,	6.413
603,	379.5551,	10.7524,	6.413
604,	379.9779,	11.0193,	6.413
605,	380.398,	11.2904,	6.413
606,	380.8154,	11.5657,	6.413
607,	381.23,	11.8452,	6.413
608,	381.6418,	12.1288,	6.413
609,	382.0507,	12.4165,	6.413
610,	382.4567,	12.7082,	6.413
611,	382.8598,	13.004,	6.413
612,	383.2599,	13.3039,	6.413
613,	383.657,	13.6077,	6.413
614,	384.0511,	13.9155,	6.413
615,	384.442,	14.2272,	6.413
616,	384.8298,	14.5427,	6.413
617,	385.2144,	14.8622,	6.413
618,	385.5958,	15.1855,	6.413
619,	385.974,	15.5126,	6.413
620,	386.2789,	15.7811,	6.413
621,	386.5815,	16.0521,	6.413
622,	386.7057,	16.1646,	6.413
623,	386.7353,	16.1915,	6.413
624,	386.8589,	16.3045,	6.413
625,	387.1573,	16.5802,	6.413
626,	387.4535,	16.8583,	6.413
627,	387.8205,	17.2094,	6.413
628,	388.184,	17.5642,	6.413
629,	388.5438,	17.9226,	6.413
630,	388.8999,	18.2847,	6.413
631,	389.2524,	18.6504,	6.413
632,	389.6011,	19.0196,	6.413
633,	389.9461,	19.3924,	6.413
634,	390.2872,	19.7687,	6.413
635,	390.6246,	20.1484,	6.413
636,	390.958,	20.5315,	6.413
637,	391.2875,	20.9179,	6.413
638,	391.6131,	21.3077,	6.413
639,	391.9347,	21.7008,	6.413
640,	392.2524,	22.0972,	6.413
641,	392.5659,	22.4967,	6.413
642,	392.8754,	22.8994,	6.413
643,	393.1808,	23.3052,	6.413
644,	393.482,	23.7141,	6.413
645,	393.7791,	24.1261,	6.413
646,	394.072,	24.541,	6.413
647,	394.3606,	24.9589,	6.413
648,	394.645,	25.3797,	6.413
649,	394.9251,	25.8034,	6.413
650,	395.2009,	26.2299,	6.413
651,	395.4723,	26.6592,	6.413
652,	395.7394,	27.0912,	6.413
653,	396.002,	27.5259,	6.413
654,	396.2603,	27.9633,	6.413
655,	396.514,	28.4032,	6.413
656,	396.7633,	28.8457,	6.413
657,	397.0081,	29.2907,	6.413
658,	397.2085,	29.7044,	6.413
659,	397.4089,	30.118,	6.413
660,	397.6093,	30.5316,	6.413
661,	397.8097,	30.9452,	6.413
662,	398.0101,	31.3589,	6.413
663,	398.1872,	31.7245,	6.413
664,	398.3643,	32.0901,	6.413
665,	398.4374,	32.2408,	6.413
666,	398.4548,	32.2768,	6.413
667,	398.5278,	32.4276,	6.413
668,	398.705,	32.7932,	6.413
669,	398.8821,	33.1588,	6.413
670,	399.1872,	33.7886,	6.413
671,	399.3685,	34.2544,	6.413
672,	399.5498,	34.7203,	6.413
673,	399.7311,	35.1861,	6.413
674,	399.9124,	35.652,	6.413
675,	400.0937,	36.1179,	6.413
676,	400.275,	36.5837,	6.413
677,	400.4563,	37.0496,	6.413
678,	400.6376,	37.5154,	6.413
679,	400.819,	37.9813,	6.413
680,	401.0003,	38.4471,	6.413
681,	401.1533,	38.9231,	6.413
682,	401.3064,	39.399,	6.413
683,	401.4594,	39.875,	6.413
684,	401.6125,	40.3509,	6.413
685,	401.7655,	40.8268,	6.413
686,	401.9186,	41.3028,	6.413
687,	402.0717,	41.7787,	6.413
688,	402.2247,	42.2547,	6.413
689,	402.3778,	42.7306,	6.413
690,	402.5308,	43.2066,	6.413
691,	402.6647,	43.6883,	6.413
692,	402.7987,	44.17,	6.413
693,	402.9326,	44.6517,	6.413
694,	403.0665,	45.1334,	6.413
695,	403.2004,	45.6151,	6.413
696,	403.3343,	46.0968,	6.413
697,	403.4682,	46.5786,	6.413
698,	403.6021,	47.0603,	6.413
699,	403.736,	47.542,	6.413
700,	403.87,	48.0237,	6.413
701,	403.9819,	48.4601,	6.413
702,	404.0939,	48.8965,	6.413
703,	404.2058,	49.3328,	6.413
704,	404.3178,	49.7692,	6.413
705,	404.4297,	50.2056,	6.413
706,	404.5307,	50.5991,	6.413
707,	404.6317,	50.9926,	6.413
708,	404.6733,	51.1548,	6.413
709,	404.683117,	51.193577,	6.413
710,	404.724897,	51.355782,	6.413
711,	404.828724,	51.758875,	6.413
712,	404.932551,	52.161968,	6.413
713,	405.067245,	52.6849,	6.413
714,	405.201939,	53.207832,	6.413
715,	405.401486,	53.982545,	6.413
716,	405.601033,	54.757259,	6.413
717,	405.80058,	55.531972,	6.413
718,	406.000127,	56.306686,	6.413
719,	406.199674,	57.081399,	6.413
720,	406.399221,	57.856113,	6.413
721,	406.598768,	58.630826,	6.413
722,	406.798314,	59.40554,	6.413
723,	406.997861,	60.180253,	6.413
724,	407.197408,	60.954967,	6.413
725,	407.396955,	61.72968,	6.413
726,	407.596502,	62.504394,	6.413
727,	407.796049,	63.279107,	6.413
728,	407.995596,	64.053821,	6.413
729,	408.195143,	64.828534,	6.413
730,	408.39469,	65.603248,	6.413
731,	408.594237,	66.377961,	6.413
732,	408.793784,	67.152675,	6.413
733,	408.99333,	67.927389,	6.413
734,	409.192877,	68.702102,	6.413
735,	409.392424,	69.476816,	6.413
736,	409.591971,	70.251529,	6.413
737,	409.791518,	71.026243,	6.413
738,	409.991065,	71.800956,	6.413
739,	410.190612,	72.57567,	6.413
740,	410.390159,	73.350383,	6.413
741,	410.524853,	73.873315,	6.413
742,	410.659547,	74.396246,	6.413
743,	410.763374,	74.79934,	6.413
744,	410.867201,	75.202433,	6.413
745,	410.908981,	75.364638,	6.413
746,	410.918958,	75.403374,	6.413
747,	410.960738,	75.56558,	6.413
748,	411.064565,	75.968673,	6.413
749,	411.168392,	76.371766,	6.413
750,	411.303086,	76.894697,	6.413
751,	411.43778,	77.417629,	6.413
752,	411.637327,	78.192343,	6.413
753,	411.836874,	78.967056,	6.413
754,	412.036421,	79.74177,	6.413
755,	412.235968,	80.516483,	6.413
756,	412.435515,	81.291197,	6.413
757,	412.635061,	82.06591,	6.413
758,	412.834608,	82.840624,	6.413
759,	413.034155,	83.615337,	6.413
760,	413.233702,	84.390051,	6.413
761,	413.433249,	85.164764,	6.413
762,	413.632796,	85.939478,	6.413
763,	413.832343,	86.714191,	6.413
764,	414.03189,	87.488905,	6.413
765,	414.231437,	88.263618,	6.413
766,	414.430984,	89.038332,	6.413
767,	414.630531,	89.813045,	6.413
768,	414.830077,	90.587759,	6.413
769,	415.029624,	91.362472,	6.413
770,	415.229171,	92.137186,	6.413
771,	415.428718,	92.911899,	6.413
772,	415.628265,	93.686613,	6.413
773,	415.827812,	94.461326,	6.413
774,	416.027359,	95.23604,	6.413
775,	416.226906,	96.010754,	6.413
776,	416.426453,	96.785467,	6.413
777,	416.625999,	97.560181,	6.413
778,	416.760694,	98.083112,	6.413
779,	416.895388,	98.606044,	6.413
780,	416.999215,	99.009137,	6.413
781,	417.103041,	99.41223,	6.413
782,	417.144821,	99.574436,	6.413
783,	417.154799,	99.613171,	6.413
784,	417.196579,	99.775377,	6.413
785,	417.300406,	100.17847,	6.413
786,	417.404232,	100.581563,	6.413
787,	417.538927,	101.104495,	6.413
788,	417.673621,	101.627427,	6.413
789,	417.873168,	102.40214,	6.413
790,	418.072715,	103.176854,	6.413
791,	418.272262,	103.951567,	6.413
792,	418.471808,	104.726281,	6.413
793,	418.671355,	105.500994,	6.413
794,	418.870902,	106.275708,	6.413
795,	419.070449,	107.050421,	6.413
796,	419.269996,	107.825135,	6.413
797,	419.469543,	108.599848,	6.413
798,	419.66909,	109.374562,	6.413
799,	419.868637,	110.149275,	6.413
800,	420.068184,	110.923989,	6.413
801,	420.267731,	111.698702,	6.413
802,	420.467278,	112.473416,	6.413
803,	420.666824,	113.248129,	6.413
804,	420.866371,	114.022843,	6.413
805,	421.065918,	114.797556,	6.413
806,	421.265465,	115.57227,	6.413
807,	421.465012,	116.346983,	6.413
808,	421.664559,	117.121697,	6.413
809,	421.864106,	117.89641,	6.413
810,	422.063653,	118.671124,	6.413
811,	422.2632,	119.445837,	6.413
812,	422.462746,	120.220551,	6.413
813,	422.662293,	120.995264,	6.413
814,	422.86184,	121.769978,	6.413
815,	422.996535,	122.292909,	6.413
816,	423.131229,	122.815841,	6.413
817,	423.235055,	123.218934,	6.413
818,	423.338882,	123.622027,	6.413
819,	423.380662,	123.784233,	6.413
820,	423.39064,	123.822969,	6.413
821,	423.43242,	123.985174,	6.413
822,	423.536247,	124.388268,	6.413
823,	423.640073,	124.791361,	6.413
824,	423.774767,	125.314292,	6.413
825,	423.909462,	125.837224,	6.413
826,	424.109009,	126.611937,	6.413
827,	424.308555,	127.386651,	6.413
828,	424.508102,	128.161364,	6.413
829,	424.707649,	128.936078,	6.413
830,	424.907196,	129.710792,	6.413
831,	425.106743,	130.485505,	6.413
832,	425.30629,	131.260219,	6.413
833,	425.505837,	132.034932,	6.413
834,	425.705384,	132.809645,	6.413
835,	425.904931,	133.584359,	6.413
836,	426.104478,	134.359073,	6.413
837,	426.304025,	135.133786,	6.413
838,	426.503571,	135.9085,	6.413
839,	426.703118,	136.683213,	6.413
840,	426.902665,	137.457927,	6.413
841,	427.102212,	138.23264,	6.413
842,	427.301759,	139.007354,	6.413
843,	427.501306,	139.782067,	6.413
844,	427.700853,	140.556781,	6.413
845,	427.9004,	141.331494,	6.413
846,	428.099947,	142.106208,	6.413
847,	428.299493,	142.880921,	6.413
848,	428.49904,	143.655635,	6.413
849,	428.698587,	144.430348,	6.413
850,	428.898134,	145.205062,	6.413
851,	429.097681,	145.979775,	6.413
852,	429.232375,	146.502707,	6.413
853,	429.36707,	147.025639,	6.413
854,	429.470896,	147.428732,	6.413
855,	429.574723,	147.831825,	6.413
856,	429.616503,	147.99403,	6.413
857,	429.626481,	148.032766,	6.413
858,	429.668261,	148.194972,	6.413
859,	429.772087,	148.598065,	6.413
860,	429.875914,	149.001158,	6.413
861,	430.010608,	149.52409,	6.413
862,	430.145302,	150.047021,	6.413
863,	430.344849,	150.821735,	6.413
864,	430.544396,	151.596448,	6.413
865,	430.743943,	152.371162,	6.413
866,	430.94349,	153.145875,	6.413
867,	431.143037,	153.920589,	6.413
868,	431.342584,	154.695302,	6.413
869,	431.542131,	155.470016,	6.413
870,	431.741678,	156.244729,	6.413
871,	431.941225,	157.019443,	6.413
872,	432.140772,	157.794156,	6.413
873,	432.340318,	158.56887,	6.413
874,	432.539865,	159.343583,	6.413
875,	432.739412,	160.118297,	6.413
876,	432.938959,	160.893011,	6.413
877,	433.138506,	161.667724,	6.413
878,	433.338053,	162.442438,	6.413
879,	433.5376,	163.217151,	6.413
880,	433.737147,	163.991865,	6.413
881,	433.936694,	164.766578,	6.413
882,	434.13624,	165.541292,	6.413
883,	434.335787,	166.316005,	6.413
884,	434.535334,	167.090719,	6.413
885,	434.734881,	167.865432,	6.413
886,	434.934428,	168.640146,	6.413
887,	435.133975,	169.414859,	6.413
888,	435.333522,	170.189573,	6.413
889,	435.468216,	170.712504,	6.413
890,	435.60291,	171.235436,	6.413
891,	435.706737,	171.638529,	6.413
892,	435.810564,	172.041622,	6.413
893,	435.852344,	172.203828,	6.413
894,	435.862321,	172.242563,	6.413
895,	435.904101,	172.404769,	6.413
896,	436.007928,	172.807862,	6.413
897,	436.111755,	173.210955,	6.413
898,	436.246449,	173.733887,	6.413
899,	436.381143,	174.256819,	6.413
900,	436.58069,	175.031532,	6.413
901,	436.780237,	175.806246,	6.413
902,	436.979784,	176.580959,	6.413
903,	437.179331,	177.355673,	6.413
904,	437.378878,	178.130386,	6.413
905,	437.578425,	178.9051,	6.413
906,	437.777972,	179.679813,	6.413
907,	437.977518,	180.454527,	6.413
908,	438.177065,	181.22924,	6.413
909,	438.376612,	182.003954,	6.413
910,	438.576159,	182.778667,	6.413
911,	438.775706,	183.553381,	6.413
912,	438.975253,	184.328094,	6.413
913,	439.1748,	185.102808,	6.413
914,	439.374347,	185.877521,	6.413
915,	439.573894,	186.652235,	6.413
916,	439.773441,	187.426948,	6.413
917,	439.972987,	188.201662,	6.413
918,	440.172534,	188.976375,	6.413
919,	440.372081,	189.751089,	6.413
920,	440.571628,	190.525803,	6.413
921,	440.771175,	191.300516,	6.413
922,	440.970722,	192.07523,	6.413
923,	441.170269,	192.849943,	6.413
924,	441.369816,	193.624657,	6.413
925,	441.569363,	194.39937,	6.413
926,	441.704057,	194.922302,	6.413
927,	441.838751,	195.445233,	6.413
928,	441.942578,	195.848327,	6.413
929,	442.046405,	196.25142,	6.413
930,	442.088185,	196.413625,	6.413
931,	442.098162,	196.452361,	6.413
932,	442.139942,	196.614567,	6.413
933,	442.243769,	197.01766,	6.413
934,	442.347596,	197.420753,	6.413
935,	442.48229,	197.943684,	6.413
936,	442.616984,	198.466616,	6.413
937,	442.816531,	199.24133,	6.413
938,	443.016078,	200.016043,	6.413
939,	443.215625,	200.790757,	6.413
940,	443.415172,	201.56547,	6.413
941,	443.614719,	202.340184,	6.413
942,	443.814265,	203.114897,	6.413
943,	444.013812,	203.889611,	6.413
944,	444.213359,	204.664324,	6.413
945,	444.412906,	205.439038,	6.413
946,	444.612453,	206.213751,	6.413
947,	444.812,	206.988465,	6.413
948,	445.011547,	207.763178,	6.413
949,	445.211094,	208.537892,	6.413
950,	445.410641,	209.312605,	6.413
951,	445.610188,	210.087319,	6.413
952,	445.809734,	210.862032,	6.413
953,	446.009281,	211.636746,	6.413
954,	446.208828,	212.411459,	6.413
955,	446.408375,	213.186173,	6.413
956,	446.607922,	213.960886,	6.413
957,	446.807469,	214.7356,	6.413
958,	447.007016,	215.510313,	6.413
959,	447.206563,	216.285027,	6.413
960,	447.40611,	217.05974,	6.413
961,	447.605657,	217.834454,	6.413
962,	447.805204,	218.609168,	6.413
963,	447.939898,	219.132099,	6.413
964,	448.074592,	219.655031,	6.413
965,	448.178419,	220.058124,	6.413
966,	448.282245,	220.461217,	6.413
967,	448.324026,	220.623423,	6.413
968,	448.334003,	220.662158,	6.413
969,	448.375783,	220.824364,	6.413
970,	448.47961,	221.227457,	6.413
971,	448.583437,	221.63055,	6.413
972,	448.718131,	222.153482,	6.413
973,	448.852825,	222.676413,	6.413
974,	449.052372,	223.451127,	6.413
975,	449.251919,	224.225841,	6.413
976,	449.451465,	225.000554,	6.413
977,	449.651012,	225.775268,	6.413
978,	449.850559,	226.549981,	6.413
979,	450.050106,	227.324694,	6.413
980,	450.249653,	228.099408,	6.413
981,	450.4492,	228.874122,	6.413
982,	450.648747,	229.648835,	6.413
983,	450.848294,	230.423549,	6.413
984,	451.047841,	231.198262,	6.413
985,	451.247388,	231.972976,	6.413
986,	451.446935,	232.747689,	6.413
987,	451.646481,	233.522403,	6.413
988,	451.846028,	234.297116,	6.413
989,	452.045575,	235.07183,	6.413
990,	452.245122,	235.846543,	6.413
991,	452.444669,	236.621257,	6.413
992,	452.644216,	237.39597,	6.413
993,	452.843763,	238.170684,	6.413
994,	453.04331,	238.945397,	6.413
995,	453.242857,	239.720111,	6.413
996,	453.442404,	240.494824,	6.413
997,	453.641951,	241.269538,	6.413
998,	453.841498,	242.044251,	6.413
999,	454.041044,	242.818965,	6.413
1000,	454.175739,	243.341896,	6.413
1001,	454.310433,	243.864828,	6.413
1002,	454.41426,	244.267921,	6.413
1003,	454.518086,	244.671014,	6.413
1004,	454.559866,	244.83322,	6.413
1005,	454.569844,	244.871956,	6.413
1006,	454.611624,	245.034161,	6.413
1007,	454.715451,	245.437254,	6.413
1008,	454.819277,	245.840348,	6.413
1009,	454.953972,	246.363279,	6.413
1010,	455.088666,	246.886211,	6.413
1011,	455.288212,	247.660924,	6.413
1012,	455.487759,	248.435638,	6.413
1013,	455.687306,	249.210351,	6.413
1014,	455.886853,	249.985065,	6.413
1015,	456.0864,	250.759778,	6.413
1016,	456.285947,	251.534492,	6.413
1017,	456.485494,	252.309205,	6.413
1018,	456.685041,	253.083919,	6.413
1019,	456.884588,	253.858633,	6.413
1020,	457.084135,	254.633346,	6.413
1021,	457.283682,	255.40806,	6.413
1022,	457.483229,	256.182773,	6.413
1023,	457.682775,	256.957487,	6.413
1024,	457.882322,	257.7322,	6.413
1025,	458.081869,	258.506914,	6.413
1026,	458.281416,	259.281627,	6.413
1027,	458.480963,	260.056341,	6.413
1028,	458.68051,	260.831054,	6.413
1029,	458.880057,	261.605768,	6.413
1030,	459.079604,	262.380481,	6.413
1031,	459.279151,	263.155195,	6.413
1032,	459.478698,	263.929908,	6.413
1033,	459.678245,	264.704622,	6.413
1034,	459.877791,	265.479335,	6.413
1035,	460.077338,	266.254049,	6.413
1036,	460.276885,	267.028762,	6.413
1037,	460.411579,	267.551694,	6.413
1038,	460.546273,	268.074626,	6.413
1039,	460.6501,	268.477719,	6.413
1040,	460.753927,	268.880812,	6.413
1041,	460.795707,	269.043017,	6.413
1042,	460.805684,	269.081753,	6.413
1043,	460.847465,	269.243959,	6.413
1044,	460.951291,	269.647052,	6.413
1045,	461.055118,	270.050145,	6.413
1046,	461.189812,	270.573077,	6.413
1047,	461.324506,	271.096008,	6.413
1048,	461.524053,	271.870722,	6.413
1049,	461.7236,	272.645435,	6.413
1050,	461.923147,	273.420149,	6.413
1051,	462.122694,	274.194862,	6.413
1052,	462.322241,	274.969576,	6.413
1053,	462.521788,	275.744289,	6.413
1054,	462.721335,	276.519003,	6.413
1055,	462.920882,	277.293716,	6.413
1056,	463.120429,	278.06843,	6.413
1057,	463.319976,	278.843143,	6.413
1058,	463.519522,	279.617857,	6.413
1059,	463.719069,	280.39257,	6.413
1060,	463.918616,	281.167284,	6.413
1061,	464.118163,	281.941997,	6.413
1062,	464.31771,	282.716711,	6.413
1063,	464.517257,	283.491424,	6.413
1064,	464.716804,	284.266138,	6.413
1065,	464.916351,	285.040851,	6.413
1066,	465.115898,	285.815565,	6.413
1067,	465.315445,	286.590279,	6.413
1068,	465.514992,	287.364992,	6.413
1069,	465.714538,	288.139706,	6.413
1070,	465.914085,	288.914419,	6.413
1071,	466.113632,	289.689133,	6.413
1072,	466.313179,	290.463846,	6.413
1073,	466.512726,	291.23856,	6.413
1074,	466.64742,	291.761491,	6.413
1075,	466.782114,	292.284423,	6.413
1076,	466.885941,	292.687516,	6.413
1077,	466.989768,	293.090609,	6.413
1078,	467.031548,	293.252815,	6.413


1
2
3
4
5
6
7
8
9
10
11
12
13
14
15
16
17
18
19
20
21
22
23
24
25
26
27
28
29
30
31
32
33
34
35
36
37
38
39
40
41
42
43
44
45
46
47
48
49
50
51
52
53
54
55
56
57
58
59
60
61
62
63
64
65
66
67
68
69
70
71
72
73
74
75
76
77
78
79
80
81
82
83
84
85
86
87
88
89
90
91
92
93
94
95
96
97
98
99
100
101
102
103
104
105
106
107
108
109
110
111
112
113
114
115
116
117
118
119
120
121
122
123
124
125
126
127
128
129
130
131
132
133
134
135
136
137
138
139
140
141
142
143
144
145
146
147
148
149
150
151
152
153
154
155
156
157
158
159
160
161
162
163
164
165
166
167
168
169
170
171
172
173
174
175
176
177
178
179
180
181
182
183
184
185
186
187
188
189
190
191
192
193
194
195
196
197
198
199
200
201
202
203
204
205
206
207
208
209
210
211
212
213
214
215
216
217
218
219
220
221
222
223
224
225
226
227
228
229
230
231
232
233
234
235
236
237
238
239
240
241
242
243
244
245
246
247
248
249
250
251
252
253
254
255
256
257
258
259
260
261
262
263
264
265
266
267
268
269
270
271
272
273
274
275
276
277
278
279
280
281
282
283
284
285
286
287
288
289
290
291
292
293
294
295
296
297
298
299
300
301
302
303
304
305
306
307
308
309
310
311
312
313
314
315
316
317
318
319
320
321
322
323
324
325
326
327
328
329
330
331
332
333
334
335
336
337
338
339
340
341
342
343
344
345
346
347
348
349
350
351
352
353
354
355
356
357
358
359
360
361
362
363
364
365
366
367
368
369
370
371
372
373
374
375
376
377
378
379
380
381
382
383
384
385
386
387
388
389
390
391
392
393
394
395
396
397
398
399
400
401
402
403
404
405
406
407
408
409
410
411
412
413
414
415
416
417
418
419
420
421
422
423
424
425
426
427
428
429
430
431
432
433
434
435
436
437
438
439
440
441
442
443
444
445
446
447
448
449
450
451
452
453
454
455
456
457
458
459
460
461
462
463
464
465
466
467
468
469
470
471
472
473
474
475
476
477
478
479
480
481
482
483
484
485
486
487
488
489
490
491
492
493
494
495
496
497
498
499
500
501
502
503
504
505
506
507
508
509
510
511
512
513
514
515
516
517
518
519
520
521
522
523
524
525
526
527
528
529
530
531
532
533
534
535
536
537
538
539
540
541
542
543
544
545
546
547
548
549
550
551
552
553
554
555
556
557
558
559
560
561
562
563
564
565
566
567
568
569
570
571
572
573
574
575
576
577
578
579
580
581
582
583
584
585
586
587
588
589
590
591
592
593
594
595
596
597
598
599
600
601
602
603
604
605
606
607
608
609
610
611
612
613
614
615
616
617
618
619
620
621
622
623
624
625
626
627
628
629
630
631
632
633
634
635
636
637
638
639
640
641
642
643
644
645
646
647
648
649
650
651
652
653
654
655
656
657
658
659
660
661
662
663
664
665
666
667
668
669
670
671
672
673
674
675
676
677
678
679
680
681
682
683
684
685
686
687
688
689
690
691
692
693
694
695
696
697
698
699
700
701
702
703
704
705
706
707
708
709
710
711
712
713
714
715
716
717
718
719
720
721
722
723
724
725
726
727
728
729
730
731
732
733
734
735
736
737
738
739
740
741
742
743
744
745
746
747
748
749
750
751
752
753
754
755
756
757
758
759
760
761
762
763
764
765
766
767
768
769
770
771
772
773
774
775
776
777
778
779
780
781
782
783
784
785
786
787
788
789
790
791
792
793
794
795
796
797
798
799
800
801
802
803
804
805
806
807
808
809
810
811
812
813
814
815
816
817
818
819
820
821
822
823
824
825
826
827
828
829
830
831
832
833
834
835
836
837
838
839
840
841
842
843
844
845
846
847
848
849
850
851
852
853
854
855
856
857
858
859
860
861
862
863
864
865
866
867
868
869
870
871
872
873
874
875
876
877
878
879
880
881
882
883
884
885
886
887
888
889
890
891
892
893
894
895
896
897
898
899
900
901
902
903
904
905
906
907
908
909
910
911
912
913
914
915
916
917
918
919
920
921
922
923
924
925
926
927
928
929
930
931
932
933
934
935
936
937
938
939
940
941
942
943
944
945
946
947
948
949
950
951
952
953
954
955
956
957
958
959
960
961
962
963
964
965
966
967
968
969
970
971
972
973
974
975
976
977
978
979
980
981
982
983
984
985
986
987
988
989
990
991
992
993
994
995
996
997
998
999
1000
1001
1002
1003
1004
1005
1006
1007
1008
1009
1010
1011
1012
1013
1014
1015
1016
1017
1018
1019
1020
1021
1022
1023
1024
1025
1026
1027
1028
1029
1030
1031
1032
1033
1034
1035
1036
1037
1038
1039
1040
1041
1042
1043
1044
1045
1046
1047
1048
1049
1050
1051
1052
1053
1054
1055
1056
1057
1058
1059
1060
1061
1062
1063
1064
1065
1066
1067
1068
1069
1070
1071
1072
1073
1074
1075
1076
1077
1078






1
D:\VBC_Guide_Samples\sample2-Mono-rail Curve
ÇÅÁºÄ£Ì¬.dat
240
0.001	0.001	0.01	0.05


Post

2
334	334	1	!Áº¶Ë
352	352	1	!¿çÖÐ


0