1.25	0.0	0.0	!空气密度、平均风速、风向（与车辆坐标系Z轴夹角的弧度值）
0.0	!风荷载开始的纵坐标X
0	!是否考虑脉动风效应
0.0	10.0	0.0	1	1.0	0.0	1	0.0	0.0	0.0	!脉动风参数 (粗糙度、基准高度、桥面高度、空间点数、空间距离、最高频率、随机种子、持续时间、平滑处理距离、时间


5

1	1	1	!无风荷载
1
0
1
0
1
0
1
0
1
0
1
0

1.0	2.0	1.0	1.0	!结构风力系数组1
3
2.0	0.0	0.0
3
0.0	5.0	0.0
3
0.0	0.0	0.0
3
0.0	0.0	0.0
3
0.0	0.0	0.0
3
0.0	0.0	0.0

3.0	5.0	1.0	1.0	!结构风力系数组2
3
0.0	0.0	0.0
3
0.0	0.0	0.0
3
0.0	2.0	0.0
3
0.0	0.0	0.0
3
0.0	0.0	0.0
3
0.0	0.0	0.0

1.0	2.0	1.0	0.0	!车辆风力系数组1
3
0.0	0.0	0.0
3
0.0	3.0	0.0
3
0.0	0.0	0.0
3
0.0	0.0	0.0
3
0.0	0.0	0.0
3
0.0	0.0	0.0

1.0	2.0	1.0	0.0	!车辆风力系数组2
3
0.0	0.0	0.0
3
0.0	0.0	0.0
3
0.0	0.0	0.0
3
0.0	0.0	0.0
3
0.0	0.0	8.0
3
0.0	0.0	0.0

2	!车辆所受风力系数沿着桥梁纵向的控制点数
10.0	20.0	!风力系数沿着桥梁纵向的控制点X坐标

4	4

0	0
