17,4


1,1               "ICE3机车（已校核）" vehicletype 1
2,3
1,0,50e3


2,3
1,3
1,0,1000e3
2,3
1,0,60e3
3,3
1,0,30e3


3,1               "ICE3拖车（已校核）" vehicletype 2 
2,3
1,0,50e3


4,3
1,3
1,0,1000e3
2,3
1,0,60e3
3,3
1,0,25e3

5,3               "转K6货重(陆正刚)" vehicletype 3
1,3
1,0,5e3
2,3
1,0,5e3
3,3
1,0,5e3


6,3
1,3
1,0,10e3
2,3
1,0,10e3
3,3
1,0,10e3

7,3               "转K6货轻(陆正刚)" vehicletype 4
1,3
1,0,5e3
2,3
1,0,5e3
3,3
1,0,5e3


8,3
1,3
1,0,5e3
2,3
1,0,10e3
3,3
1,0,10e3


9,3               "C62货重(西南交大)" vehicletype 5
1,3
1,0,5e3
2,3
1,2.5e6,5e3
3,3
1,0,5e3


10,3
1,3
1,0,0.0e3
2,3
1,0,11e3
3,3
1,0,13.2e3

11,3               "C62货轻(西南交大)" vehicletype 6
1,3
1,0,5e3
2,3
1,2.5e6,5e3
3,3
1,0,5e3


12,3
1,3
1,0,0.0e3
2,3
1,0,11e3
3,3
1,0,13.2e3



13,1               "准高速车" vehicletype 7
2,3
1,0,15e3


14,3
1,3
1,0,6.5e3
2,3
1,0,80e3
3,3
1,0,25e3




15,1               "DF11机车(西南交大)" vehicletype 8
2,3
1,0,15e3


16,3
1,3
1,0,6.5e3
2,3
1,0,70e3
3,3
1,0,50e3


17,1               塔梁纵向阻尼
1,4
0,0,2500e3,0.3




