  ===========================================================================
                     Vehicle Sperling Indexs                                                        
 Node Number:
           4           2          21           4           2          21           4           2          21           4
           2          21           4           2          21           4           2          21           4           2
          21           4           2          21           4           2          21           4           2          21
           4           2          21           4           2          21           4           2          21           4
           2          21           4           2          21           4           2          21           4           2
          21           4           2          21           4           2          21           4           2          21
           4           2          21           4           2          21           4           2          21           4
           2          21           4           2          21           4           2          21           4           2
          21           4           2          21           4           2          21           4           2          21
           4           2          21           4           2          21
 Degree of Freedom Number:
           2           2           2           3           3           3           2           2           2           3
           3           3           2           2           2           3           3           3           2           2
           2           3           3           3           2           2           2           3           3           3
           2           2           2           3           3           3           2           2           2           3
           3           3           2           2           2           3           3           3           2           2
           2           3           3           3           2           2           2           3           3           3
           2           2           2           3           3           3           2           2           2           3
           3           3           2           2           2           3           3           3           2           2
           2           3           3           3           2           2           2           3           3           3
           2           2           2           3           3           3
 Speed Stage 1/ 9
 Sperling Index:
   0.173E+01   0.148E+01   0.165E+01   0.146E+01   0.109E+01   0.144E+01   0.166E+01   0.144E+01   0.159E+01   0.148E+01
   0.110E+01   0.155E+01   0.173E+01   0.149E+01   0.165E+01   0.146E+01   0.109E+01   0.144E+01   0.165E+01   0.144E+01
   0.159E+01   0.148E+01   0.110E+01   0.155E+01   0.166E+01   0.144E+01   0.159E+01   0.148E+01   0.110E+01   0.155E+01
   0.173E+01   0.148E+01   0.165E+01   0.146E+01   0.109E+01   0.144E+01   0.165E+01   0.144E+01   0.159E+01   0.148E+01
   0.111E+01   0.156E+01   0.173E+01   0.148E+01   0.165E+01   0.146E+01   0.109E+01   0.145E+01   0.173E+01   0.148E+01
   0.165E+01   0.146E+01   0.109E+01   0.144E+01   0.165E+01   0.145E+01   0.160E+01   0.148E+01   0.110E+01   0.155E+01
   0.173E+01   0.148E+01   0.165E+01   0.146E+01   0.109E+01   0.144E+01   0.165E+01   0.144E+01   0.159E+01   0.148E+01
   0.111E+01   0.156E+01   0.165E+01   0.144E+01   0.159E+01   0.148E+01   0.110E+01   0.155E+01   0.173E+01   0.148E+01
   0.165E+01   0.146E+01   0.109E+01   0.144E+01   0.165E+01   0.144E+01   0.159E+01   0.148E+01   0.110E+01   0.155E+01
   0.173E+01   0.149E+01   0.165E+01   0.146E+01   0.109E+01   0.144E+01
 
 Speed Stage 2/ 9
 Sperling Index:
   0.179E+01   0.154E+01   0.174E+01   0.152E+01   0.113E+01   0.149E+01   0.172E+01   0.151E+01   0.167E+01   0.154E+01
   0.111E+01   0.158E+01   0.179E+01   0.153E+01   0.173E+01   0.152E+01   0.114E+01   0.149E+01   0.172E+01   0.151E+01
   0.168E+01   0.154E+01   0.112E+01   0.159E+01   0.172E+01   0.151E+01   0.167E+01   0.154E+01   0.112E+01   0.159E+01
   0.179E+01   0.154E+01   0.174E+01   0.152E+01   0.114E+01   0.149E+01   0.172E+01   0.150E+01   0.167E+01   0.153E+01
   0.111E+01   0.159E+01   0.180E+01   0.154E+01   0.174E+01   0.152E+01   0.114E+01   0.149E+01   0.180E+01   0.154E+01
   0.173E+01   0.152E+01   0.114E+01   0.149E+01   0.172E+01   0.151E+01   0.167E+01   0.154E+01   0.112E+01   0.159E+01
   0.180E+01   0.154E+01   0.173E+01   0.153E+01   0.114E+01   0.149E+01   0.172E+01   0.151E+01   0.167E+01   0.154E+01
   0.112E+01   0.159E+01   0.172E+01   0.151E+01   0.167E+01   0.154E+01   0.112E+01   0.159E+01   0.179E+01   0.154E+01
   0.173E+01   0.152E+01   0.114E+01   0.149E+01   0.172E+01   0.150E+01   0.167E+01   0.154E+01   0.113E+01   0.159E+01
   0.180E+01   0.154E+01   0.173E+01   0.152E+01   0.114E+01   0.149E+01
 
 Speed Stage 3/ 9
 Sperling Index:
   0.185E+01   0.159E+01   0.181E+01   0.158E+01   0.120E+01   0.155E+01   0.178E+01   0.156E+01   0.174E+01   0.158E+01
   0.115E+01   0.162E+01   0.186E+01   0.160E+01   0.181E+01   0.158E+01   0.120E+01   0.155E+01   0.178E+01   0.156E+01
   0.174E+01   0.158E+01   0.115E+01   0.161E+01   0.178E+01   0.157E+01   0.174E+01   0.158E+01   0.115E+01   0.162E+01
   0.186E+01   0.160E+01   0.181E+01   0.158E+01   0.120E+01   0.155E+01   0.179E+01   0.156E+01   0.174E+01   0.158E+01
   0.115E+01   0.162E+01   0.186E+01   0.160E+01   0.181E+01   0.158E+01   0.120E+01   0.155E+01   0.186E+01   0.160E+01
   0.181E+01   0.158E+01   0.120E+01   0.155E+01   0.179E+01   0.157E+01   0.174E+01   0.158E+01   0.115E+01   0.162E+01
   0.186E+01   0.160E+01   0.181E+01   0.158E+01   0.120E+01   0.155E+01   0.179E+01   0.157E+01   0.174E+01   0.158E+01
   0.115E+01   0.161E+01   0.179E+01   0.157E+01   0.174E+01   0.158E+01   0.115E+01   0.161E+01   0.186E+01   0.160E+01
   0.181E+01   0.158E+01   0.120E+01   0.154E+01   0.179E+01   0.157E+01   0.174E+01   0.158E+01   0.115E+01   0.162E+01
   0.187E+01   0.160E+01   0.181E+01   0.158E+01   0.120E+01   0.155E+01
 
 Speed Stage 4/ 9
 Sperling Index:
   0.197E+01   0.170E+01   0.195E+01   0.167E+01   0.130E+01   0.162E+01   0.190E+01   0.167E+01   0.187E+01   0.165E+01
   0.123E+01   0.164E+01   0.197E+01   0.171E+01   0.196E+01   0.167E+01   0.130E+01   0.162E+01   0.190E+01   0.167E+01
   0.186E+01   0.165E+01   0.123E+01   0.164E+01   0.190E+01   0.167E+01   0.187E+01   0.166E+01   0.124E+01   0.164E+01
   0.197E+01   0.170E+01   0.195E+01   0.167E+01   0.130E+01   0.162E+01   0.190E+01   0.167E+01   0.187E+01   0.166E+01
   0.123E+01   0.164E+01   0.197E+01   0.171E+01   0.196E+01   0.167E+01   0.130E+01   0.162E+01   0.197E+01   0.170E+01
   0.195E+01   0.167E+01   0.130E+01   0.162E+01   0.190E+01   0.167E+01   0.187E+01   0.166E+01   0.123E+01   0.164E+01
   0.197E+01   0.170E+01   0.196E+01   0.167E+01   0.130E+01   0.162E+01   0.190E+01   0.167E+01   0.187E+01   0.166E+01
   0.123E+01   0.164E+01   0.190E+01   0.167E+01   0.186E+01   0.166E+01   0.123E+01   0.164E+01   0.197E+01   0.171E+01
   0.195E+01   0.167E+01   0.130E+01   0.162E+01   0.190E+01   0.167E+01   0.187E+01   0.165E+01   0.123E+01   0.164E+01
   0.197E+01   0.169E+01   0.195E+01   0.167E+01   0.130E+01   0.162E+01
 
 Speed Stage 5/ 9
 Sperling Index:
   0.202E+01   0.177E+01   0.202E+01   0.173E+01   0.135E+01   0.168E+01   0.195E+01   0.173E+01   0.193E+01   0.170E+01
   0.128E+01   0.168E+01   0.202E+01   0.177E+01   0.201E+01   0.172E+01   0.134E+01   0.168E+01   0.195E+01   0.174E+01
   0.194E+01   0.170E+01   0.128E+01   0.168E+01   0.195E+01   0.174E+01   0.193E+01   0.170E+01   0.128E+01   0.169E+01
   0.202E+01   0.177E+01   0.202E+01   0.172E+01   0.135E+01   0.168E+01   0.194E+01   0.173E+01   0.193E+01   0.170E+01
   0.128E+01   0.168E+01   0.201E+01   0.177E+01   0.202E+01   0.173E+01   0.135E+01   0.168E+01   0.202E+01   0.178E+01
   0.202E+01   0.173E+01   0.135E+01   0.168E+01   0.195E+01   0.174E+01   0.193E+01   0.170E+01   0.128E+01   0.168E+01
   0.201E+01   0.176E+01   0.202E+01   0.173E+01   0.135E+01   0.168E+01   0.195E+01   0.173E+01   0.193E+01   0.170E+01
   0.128E+01   0.168E+01   0.195E+01   0.174E+01   0.193E+01   0.171E+01   0.128E+01   0.168E+01   0.202E+01   0.177E+01
   0.201E+01   0.173E+01   0.135E+01   0.168E+01   0.195E+01   0.173E+01   0.193E+01   0.170E+01   0.128E+01   0.169E+01
   0.202E+01   0.177E+01   0.202E+01   0.173E+01   0.135E+01   0.168E+01
 
 Speed Stage 6/ 9
 Sperling Index:
   0.207E+01   0.181E+01   0.208E+01   0.179E+01   0.141E+01   0.176E+01   0.200E+01   0.178E+01   0.200E+01   0.175E+01
   0.134E+01   0.173E+01   0.207E+01   0.182E+01   0.209E+01   0.179E+01   0.141E+01   0.176E+01   0.200E+01   0.178E+01
   0.200E+01   0.176E+01   0.135E+01   0.174E+01   0.200E+01   0.177E+01   0.200E+01   0.176E+01   0.134E+01   0.173E+01
   0.207E+01   0.182E+01   0.209E+01   0.179E+01   0.141E+01   0.175E+01   0.200E+01   0.178E+01   0.200E+01   0.175E+01
   0.135E+01   0.174E+01   0.207E+01   0.181E+01   0.208E+01   0.179E+01   0.141E+01   0.175E+01   0.207E+01   0.181E+01
   0.208E+01   0.179E+01   0.141E+01   0.175E+01   0.201E+01   0.178E+01   0.200E+01   0.175E+01   0.135E+01   0.174E+01
   0.207E+01   0.183E+01   0.209E+01   0.179E+01   0.141E+01   0.175E+01   0.200E+01   0.177E+01   0.199E+01   0.175E+01
   0.134E+01   0.173E+01   0.200E+01   0.177E+01   0.199E+01   0.175E+01   0.134E+01   0.173E+01   0.207E+01   0.182E+01
   0.209E+01   0.179E+01   0.141E+01   0.176E+01   0.201E+01   0.179E+01   0.200E+01   0.176E+01   0.135E+01   0.174E+01
   0.207E+01   0.182E+01   0.209E+01   0.179E+01   0.141E+01   0.175E+01
 
 Speed Stage 7/ 9
 Sperling Index:
   0.212E+01   0.187E+01   0.215E+01   0.186E+01   0.148E+01   0.183E+01   0.206E+01   0.184E+01   0.206E+01   0.182E+01
   0.142E+01   0.179E+01   0.212E+01   0.188E+01   0.216E+01   0.186E+01   0.148E+01   0.183E+01   0.206E+01   0.184E+01
   0.206E+01   0.182E+01   0.142E+01   0.179E+01   0.206E+01   0.183E+01   0.206E+01   0.182E+01   0.142E+01   0.179E+01
   0.212E+01   0.188E+01   0.216E+01   0.186E+01   0.149E+01   0.184E+01   0.206E+01   0.184E+01   0.206E+01   0.182E+01
   0.142E+01   0.179E+01   0.212E+01   0.188E+01   0.216E+01   0.185E+01   0.148E+01   0.183E+01   0.212E+01   0.188E+01
   0.216E+01   0.185E+01   0.148E+01   0.184E+01   0.206E+01   0.184E+01   0.206E+01   0.182E+01   0.142E+01   0.179E+01
   0.212E+01   0.187E+01   0.216E+01   0.186E+01   0.148E+01   0.183E+01   0.206E+01   0.184E+01   0.206E+01   0.182E+01
   0.142E+01   0.179E+01   0.206E+01   0.184E+01   0.206E+01   0.182E+01   0.142E+01   0.179E+01   0.212E+01   0.188E+01
   0.216E+01   0.186E+01   0.148E+01   0.183E+01   0.206E+01   0.184E+01   0.206E+01   0.182E+01   0.141E+01   0.178E+01
   0.212E+01   0.187E+01   0.215E+01   0.185E+01   0.148E+01   0.183E+01
 
 Speed Stage 8/ 9
 Sperling Index:
   0.216E+01   0.193E+01   0.220E+01   0.190E+01   0.154E+01   0.189E+01   0.210E+01   0.189E+01   0.211E+01   0.186E+01
   0.147E+01   0.183E+01   0.216E+01   0.193E+01   0.220E+01   0.190E+01   0.154E+01   0.189E+01   0.210E+01   0.190E+01
   0.211E+01   0.186E+01   0.147E+01   0.183E+01   0.211E+01   0.190E+01   0.211E+01   0.186E+01   0.147E+01   0.183E+01
   0.216E+01   0.193E+01   0.220E+01   0.190E+01   0.153E+01   0.189E+01   0.210E+01   0.188E+01   0.210E+01   0.186E+01
   0.147E+01   0.182E+01   0.216E+01   0.192E+01   0.220E+01   0.190E+01   0.154E+01   0.189E+01   0.216E+01   0.192E+01
   0.221E+01   0.190E+01   0.154E+01   0.189E+01   0.210E+01   0.189E+01   0.211E+01   0.186E+01   0.147E+01   0.183E+01
   0.216E+01   0.193E+01   0.220E+01   0.190E+01   0.154E+01   0.189E+01   0.210E+01   0.189E+01   0.211E+01   0.186E+01
   0.147E+01   0.183E+01   0.210E+01   0.190E+01   0.211E+01   0.186E+01   0.147E+01   0.183E+01   0.216E+01   0.193E+01
   0.221E+01   0.190E+01   0.154E+01   0.189E+01   0.211E+01   0.190E+01   0.211E+01   0.186E+01   0.147E+01   0.183E+01
   0.217E+01   0.194E+01   0.221E+01   0.190E+01   0.154E+01   0.189E+01
 
 Speed Stage 9/ 9
 Sperling Index:
   0.220E+01   0.197E+01   0.224E+01   0.194E+01   0.158E+01   0.195E+01   0.215E+01   0.194E+01   0.215E+01   0.190E+01
   0.152E+01   0.188E+01   0.221E+01   0.199E+01   0.225E+01   0.194E+01   0.159E+01   0.195E+01   0.215E+01   0.195E+01
   0.215E+01   0.190E+01   0.152E+01   0.188E+01   0.215E+01   0.194E+01   0.215E+01   0.190E+01   0.152E+01   0.188E+01
   0.220E+01   0.196E+01   0.224E+01   0.194E+01   0.159E+01   0.195E+01   0.214E+01   0.192E+01   0.214E+01   0.190E+01
   0.153E+01   0.188E+01   0.220E+01   0.196E+01   0.224E+01   0.194E+01   0.159E+01   0.195E+01   0.220E+01   0.196E+01
   0.224E+01   0.193E+01   0.158E+01   0.195E+01   0.214E+01   0.192E+01   0.214E+01   0.189E+01   0.152E+01   0.188E+01
   0.220E+01   0.196E+01   0.224E+01   0.194E+01   0.159E+01   0.195E+01   0.214E+01   0.194E+01   0.215E+01   0.191E+01
   0.153E+01   0.187E+01   0.215E+01   0.195E+01   0.216E+01   0.190E+01   0.152E+01   0.187E+01   0.221E+01   0.198E+01
   0.224E+01   0.194E+01   0.159E+01   0.195E+01   0.215E+01   0.195E+01   0.216E+01   0.190E+01   0.152E+01   0.188E+01
   0.221E+01   0.199E+01   0.225E+01   0.194E+01   0.159E+01   0.195E+01
 
 
 
