 不平顺来源,谱等级,随机种子,最小波长,最大波长,模拟长度,间距,滤波波长
        0       6      99     2.000   100.000  1024.000     0.500     0.000
 初始平滑处理距离
      0.000
 不平顺系数
      1.000     1.000     1.000
 
    0.56662E-02    0.12139E-02   -0.35714E-02
    0.55085E-02    0.17946E-02   -0.36607E-02
    0.53058E-02    0.25804E-02   -0.42221E-02
    0.51890E-02    0.33588E-02   -0.46341E-02
    0.52427E-02    0.38761E-02   -0.41123E-02
    0.54646E-02    0.38316E-02   -0.29404E-02
    0.57872E-02    0.30743E-02   -0.21692E-02
    0.61508E-02    0.18253E-02   -0.23652E-02
    0.64613E-02    0.62230E-03   -0.31659E-02
    0.65019E-02   -0.27722E-04   -0.38797E-02
    0.61041E-02   -0.26075E-05   -0.40936E-02
    0.54673E-02    0.37201E-03   -0.37866E-02
    0.50522E-02    0.61385E-03   -0.31794E-02
    0.49989E-02    0.47403E-03   -0.25059E-02
    0.48792E-02    0.50859E-04   -0.18792E-02
    0.42568E-02   -0.45049E-03   -0.14612E-02
    0.33222E-02   -0.96506E-03   -0.15904E-02
    0.27028E-02   -0.15144E-02   -0.23173E-02
    0.27397E-02   -0.20248E-02   -0.28905E-02
    0.32154E-02   -0.23680E-02   -0.23720E-02
    0.37385E-02   -0.25641E-02   -0.96338E-03
    0.41225E-02   -0.27886E-02   -0.64184E-04
    0.43760E-02   -0.31420E-02   -0.61488E-03
    0.45827E-02   -0.35358E-02   -0.19468E-02
    0.48765E-02   -0.38473E-02   -0.27566E-02
    0.53545E-02   -0.40732E-02   -0.26831E-02
    0.59308E-02   -0.42789E-02   -0.22793E-02
    0.63978E-02   -0.45101E-02   -0.18698E-02
    0.66630E-02   -0.48336E-02   -0.12901E-02
    0.67765E-02   -0.53570E-02   -0.62995E-03
    0.67031E-02   -0.60841E-02   -0.40923E-03
    0.62717E-02   -0.68105E-02   -0.85390E-03
    0.54598E-02   -0.73045E-02   -0.15850E-02
    0.45566E-02   -0.75885E-02   -0.22125E-02
    0.38773E-02   -0.79132E-02   -0.27452E-02
    0.33991E-02   -0.84049E-02   -0.31885E-02
    0.28237E-02   -0.88438E-02   -0.31924E-02
    0.19510E-02   -0.88932E-02   -0.24693E-02
    0.87565E-03   -0.85121E-02   -0.13176E-02
   -0.15298E-03   -0.80414E-02   -0.37199E-03
   -0.96666E-03   -0.78631E-02    0.84491E-04
   -0.16100E-02   -0.80498E-02    0.28984E-03
   -0.23131E-02   -0.83857E-02    0.50493E-03
   -0.32750E-02   -0.86553E-02    0.61108E-03
   -0.43871E-02   -0.88224E-02    0.33256E-03
   -0.52450E-02   -0.89457E-02   -0.28961E-03
   -0.55523E-02   -0.90173E-02   -0.87250E-03
   -0.54425E-02   -0.89377E-02   -0.11694E-02
   -0.52695E-02   -0.86349E-02   -0.13693E-02
   -0.51696E-02   -0.81928E-02   -0.17587E-02
   -0.50296E-02   -0.78305E-02   -0.22245E-02
   -0.48179E-02   -0.76875E-02   -0.23462E-02
   -0.46663E-02   -0.76096E-02   -0.19455E-02
   -0.45968E-02   -0.72566E-02   -0.12713E-02
   -0.44554E-02   -0.65115E-02   -0.61024E-03
   -0.42204E-02   -0.56613E-02   -0.12463E-04
   -0.41043E-02   -0.50127E-02    0.48637E-03
   -0.41828E-02   -0.44379E-02    0.68968E-03
   -0.41764E-02   -0.35683E-02    0.55284E-03
   -0.38381E-02   -0.24080E-02    0.48429E-03
   -0.33556E-02   -0.14150E-02    0.10182E-02
   -0.30865E-02   -0.85526E-03    0.21936E-02
   -0.30571E-02   -0.39349E-03    0.34569E-02
   -0.30528E-02    0.44086E-03    0.42069E-02
   -0.31108E-02    0.16191E-02    0.43181E-02
   -0.35418E-02    0.27255E-02    0.41083E-02
   -0.44301E-02    0.35238E-02    0.38800E-02
   -0.54346E-02    0.40779E-02    0.35696E-02
   -0.61696E-02    0.44125E-02    0.29019E-02
   -0.65146E-02    0.44416E-02    0.18983E-02
   -0.64689E-02    0.42754E-02    0.11029E-02
   -0.59918E-02    0.42640E-02    0.11252E-02
   -0.51496E-02    0.45988E-02    0.19746E-02
   -0.42120E-02    0.50856E-02    0.30164E-02
   -0.34182E-02    0.54201E-02    0.36252E-02
   -0.27750E-02    0.55017E-02    0.37548E-02
   -0.21882E-02    0.53797E-02    0.38460E-02
   -0.16404E-02    0.50956E-02    0.42906E-02
   -0.11295E-02    0.47235E-02    0.50014E-02
   -0.60464E-03    0.44085E-02    0.54374E-02
   -0.10425E-03    0.42001E-02    0.51118E-02
    0.19295E-03    0.39477E-02    0.41679E-02
    0.20210E-03    0.35015E-02    0.33199E-02
    0.93117E-04    0.29409E-02    0.30627E-02
    0.80726E-04    0.24929E-02    0.31247E-02
    0.17010E-03    0.23063E-02    0.29644E-02
    0.23532E-03    0.24103E-02    0.26001E-02
    0.21987E-03    0.27951E-02    0.25156E-02
    0.12373E-03    0.33830E-02    0.28241E-02
   -0.67743E-04    0.39620E-02    0.30146E-02
   -0.27469E-03    0.42899E-02    0.26059E-02
   -0.26550E-03    0.42711E-02    0.16485E-02
    0.99741E-04    0.39818E-02    0.47510E-03
    0.64384E-03    0.35815E-02   -0.67176E-03
    0.10527E-02    0.32736E-02   -0.16376E-02
    0.12046E-02    0.32483E-02   -0.23300E-02
    0.11758E-02    0.35135E-02   -0.28536E-02
    0.10320E-02    0.38329E-02   -0.34233E-02
    0.81369E-03    0.39835E-02   -0.40696E-02
    0.65296E-03    0.40389E-02   -0.46635E-02
    0.68478E-03    0.42224E-02   -0.51813E-02
    0.86165E-03    0.44997E-02   -0.55871E-02
    0.10211E-02    0.45515E-02   -0.55345E-02
    0.10911E-02    0.42333E-02   -0.46876E-02
    0.10593E-02    0.38386E-02   -0.33454E-02
    0.82063E-03    0.37100E-02   -0.21962E-02
    0.30326E-03    0.37288E-02   -0.14021E-02
   -0.27565E-03    0.34524E-02   -0.54969E-03
   -0.55107E-03    0.27457E-02    0.37688E-03
   -0.46377E-03    0.20109E-02    0.72470E-03
   -0.34100E-03    0.16889E-02    0.19806E-03
   -0.44082E-03    0.17435E-02   -0.54102E-03
   -0.63751E-03    0.18282E-02   -0.77335E-03
   -0.68952E-03    0.18129E-02   -0.65310E-03
   -0.61848E-03    0.18615E-02   -0.72747E-03
   -0.62010E-03    0.20093E-02   -0.10324E-02
   -0.71415E-03    0.19839E-02   -0.12349E-02
   -0.70550E-03    0.15978E-02   -0.12744E-02
   -0.47674E-03    0.10828E-02   -0.12935E-02
   -0.13967E-03    0.78756E-03   -0.12420E-02
    0.13957E-03    0.67561E-03   -0.10740E-02
    0.32321E-03    0.41992E-03   -0.10649E-02
    0.43512E-03   -0.28986E-04   -0.14438E-02
    0.42337E-03   -0.28086E-03   -0.19603E-02
    0.22930E-03   -0.99952E-05   -0.22349E-02
   -0.25015E-04    0.63591E-03   -0.22490E-02
   -0.61533E-04    0.13016E-02   -0.20962E-02
    0.26989E-03    0.18890E-02   -0.16458E-02
    0.81462E-03    0.25094E-02   -0.95013E-03
    0.13054E-02    0.31000E-02   -0.59563E-03
    0.16656E-02    0.34055E-02   -0.10576E-02
    0.20122E-02    0.33708E-02   -0.19970E-02
    0.24102E-02    0.32926E-02   -0.27503E-02
    0.27805E-02    0.34588E-02   -0.32197E-02
    0.30504E-02    0.38125E-02   -0.37309E-02
    0.32375E-02    0.41135E-02   -0.43380E-02
    0.33551E-02    0.43092E-02   -0.48670E-02
    0.33764E-02    0.45676E-02   -0.53154E-02
    0.33290E-02    0.49796E-02   -0.55810E-02
    0.32715E-02    0.53932E-02   -0.51664E-02
    0.31479E-02    0.55705E-02   -0.38755E-02
    0.28509E-02    0.54112E-02   -0.24264E-02
    0.24771E-02    0.49875E-02   -0.15364E-02
    0.22858E-02    0.44400E-02   -0.75090E-03
    0.23040E-02    0.38918E-02    0.81749E-03
    0.22258E-02    0.34176E-02    0.28304E-02
    0.18648E-02    0.30363E-02    0.39509E-02
    0.14427E-02    0.27115E-02    0.37074E-02
    0.12099E-02    0.23634E-02    0.29743E-02
    0.10513E-02    0.18937E-02    0.24614E-02
    0.77761E-03    0.12578E-02    0.19214E-02
    0.55694E-03    0.55880E-03    0.12290E-02
    0.63612E-03    0.24882E-04    0.10790E-02
    0.79790E-03   -0.19463E-03    0.19300E-02
    0.57531E-03   -0.20393E-03    0.31429E-02
   -0.48699E-04   -0.24686E-03    0.39222E-02
   -0.63955E-03   -0.42279E-03    0.44332E-02
   -0.10160E-02   -0.62141E-03    0.52310E-02
   -0.14416E-02   -0.74744E-03    0.61258E-02
   -0.20068E-02   -0.85566E-03    0.64410E-02
   -0.23541E-02   -0.98767E-03    0.61054E-02
   -0.22658E-02   -0.10388E-02    0.57526E-02
   -0.20673E-02   -0.95311E-03    0.58158E-02
   -0.21189E-02   -0.93673E-03    0.60456E-02
   -0.22889E-02   -0.12514E-02    0.59021E-02
   -0.22937E-02   -0.18242E-02    0.50781E-02
   -0.22197E-02   -0.23017E-02    0.36836E-02
   -0.22734E-02   -0.25387E-02    0.21278E-02
   -0.22819E-02   -0.28045E-02    0.73920E-03
   -0.19305E-02   -0.33838E-02   -0.55921E-03
   -0.13409E-02   -0.41680E-02   -0.19553E-02
   -0.92862E-03   -0.48216E-02   -0.31174E-02
   -0.77190E-03   -0.52150E-02   -0.33044E-02
   -0.59846E-03   -0.54685E-02   -0.22897E-02
   -0.36776E-03   -0.56362E-02   -0.75560E-03
   -0.35857E-03   -0.55983E-02    0.45803E-03
   -0.60860E-03   -0.53096E-02    0.11010E-02
   -0.75961E-03   -0.49690E-02    0.13168E-02
   -0.63347E-03   -0.48527E-02    0.12042E-02
   -0.53117E-03   -0.50755E-02    0.90803E-03
   -0.71967E-03   -0.55409E-02    0.70111E-03
   -0.99661E-03   -0.60085E-02    0.57475E-03
   -0.10688E-02   -0.61918E-02    0.92255E-04
   -0.10644E-02   -0.59691E-02   -0.98290E-03
   -0.13143E-02   -0.55839E-02   -0.22236E-02
   -0.18184E-02   -0.54679E-02   -0.30191E-02
   -0.22718E-02   -0.57331E-02   -0.31969E-02
   -0.25069E-02   -0.59998E-02   -0.29104E-02
   -0.25930E-02   -0.59156E-02   -0.23454E-02
   -0.25700E-02   -0.56852E-02   -0.18807E-02
   -0.23915E-02   -0.57835E-02   -0.20535E-02
   -0.21179E-02   -0.62105E-02   -0.28723E-02
   -0.18956E-02   -0.64126E-02   -0.35408E-02
   -0.17308E-02   -0.60370E-02   -0.33698E-02
   -0.15062E-02   -0.53976E-02   -0.26492E-02
   -0.12221E-02   -0.49615E-02   -0.21454E-02
   -0.97476E-03   -0.46898E-02   -0.20855E-02
   -0.67351E-03   -0.42569E-02   -0.21782E-02
   -0.54645E-04   -0.37303E-02   -0.23062E-02
    0.91240E-03   -0.35591E-02   -0.25470E-02
    0.18596E-02   -0.38820E-02   -0.26858E-02
    0.24237E-02   -0.42803E-02   -0.23335E-02
    0.26634E-02   -0.43554E-02   -0.14886E-02
    0.29043E-02   -0.41862E-02   -0.53074E-03
    0.32690E-02   -0.40032E-02    0.23616E-03
    0.35385E-02   -0.37232E-02    0.65321E-03
    0.34549E-02   -0.31048E-02    0.56195E-03
    0.30282E-02   -0.21683E-02    0.61371E-04
    0.25258E-02   -0.11622E-02   -0.35358E-03
    0.22405E-02   -0.24509E-03   -0.44684E-03
    0.22865E-02    0.52783E-03   -0.75553E-03
    0.25676E-02    0.10386E-02   -0.18159E-02
    0.28992E-02    0.12491E-02   -0.31372E-02
    0.31402E-02    0.14222E-02   -0.37114E-02
    0.32034E-02    0.18458E-02   -0.33756E-02
    0.30048E-02    0.23488E-02   -0.28019E-02
    0.25045E-02    0.24491E-02   -0.21777E-02
    0.18131E-02    0.20268E-02   -0.90590E-03
    0.11670E-02    0.14913E-02    0.11186E-02
    0.74092E-03    0.11713E-02    0.28681E-02
    0.51546E-03    0.89908E-03    0.33721E-02
    0.34533E-03    0.40887E-03    0.29246E-02
    0.10953E-03   -0.15813E-03    0.25472E-02
   -0.21564E-03   -0.43224E-03    0.27008E-02
   -0.56411E-03   -0.30038E-03    0.30866E-02
   -0.82299E-03    0.60208E-04    0.34201E-02
   -0.90656E-03    0.48497E-03    0.38243E-02
   -0.80316E-03    0.88314E-03    0.45032E-02
   -0.51747E-03    0.11001E-02    0.54087E-02
    0.91070E-06    0.10105E-02    0.62937E-02
    0.77321E-03    0.73303E-03    0.69420E-02
    0.16332E-02    0.52504E-03    0.73232E-02
    0.22776E-02    0.46432E-03    0.75142E-02
    0.25412E-02    0.42195E-03    0.74263E-02
    0.25476E-02    0.32130E-03    0.67848E-02
    0.25277E-02    0.21169E-03    0.56074E-02
    0.25571E-02    0.87005E-04    0.44762E-02
    0.25322E-02   -0.14228E-03    0.38998E-02
    0.23503E-02   -0.44056E-03    0.35529E-02
    0.20447E-02   -0.60157E-03    0.27163E-02
    0.17745E-02   -0.50019E-03    0.14104E-02
    0.17259E-02   -0.25529E-03    0.41727E-03
    0.19761E-02   -0.63599E-04    0.10755E-03
    0.23932E-02    0.23329E-04   -0.16814E-04
    0.26873E-02    0.94788E-04   -0.39975E-03
    0.26097E-02    0.24735E-03   -0.81559E-03
    0.21303E-02    0.50723E-03   -0.10317E-02
    0.14586E-02    0.80859E-03   -0.13157E-02
    0.91823E-03    0.10300E-02   -0.17537E-02
    0.73107E-03    0.11531E-02   -0.17919E-02
    0.81393E-03    0.13923E-02   -0.11674E-02
    0.80377E-03    0.20067E-02   -0.67074E-03
    0.40735E-03    0.29165E-02   -0.11055E-02
   -0.25600E-03    0.36663E-02   -0.19566E-02
   -0.76856E-03    0.39161E-02   -0.20943E-02
   -0.88571E-03    0.38633E-02   -0.15307E-02
   -0.76713E-03    0.39960E-02   -0.13783E-02
   -0.70808E-03    0.44517E-02   -0.20829E-02
   -0.79453E-03    0.48098E-02   -0.28220E-02
   -0.92045E-03    0.45919E-02   -0.29461E-02
   -0.10269E-02    0.38469E-02   -0.29952E-02
   -0.11746E-02    0.31081E-02   -0.37117E-02
   -0.13867E-02    0.28105E-02   -0.48200E-02
   -0.15041E-02    0.28930E-02   -0.55049E-02
   -0.12552E-02    0.30235E-02   -0.55972E-02
   -0.53439E-03    0.30622E-02   -0.55383E-02
    0.35861E-03    0.31148E-02   -0.54499E-02
    0.87527E-03    0.31831E-02   -0.49745E-02
    0.75551E-03    0.30471E-02   -0.40104E-02
    0.32312E-03    0.26473E-02   -0.29968E-02
    0.65190E-04    0.23636E-02   -0.23450E-02
    0.15046E-04    0.26177E-02   -0.20103E-02
   -0.18002E-03    0.32518E-02   -0.17678E-02
   -0.65478E-03    0.36052E-02   -0.15682E-02
   -0.11761E-02    0.32816E-02   -0.14232E-02
   -0.16339E-02    0.25836E-02   -0.11922E-02
   -0.22459E-02    0.20574E-02   -0.73278E-03
   -0.30816E-02    0.18463E-02   -0.14700E-03
   -0.37728E-02    0.17227E-02    0.34856E-03
   -0.39781E-02    0.15885E-02    0.78063E-03
   -0.38277E-02    0.16141E-02    0.14325E-02
   -0.36137E-02    0.18784E-02    0.23964E-02
   -0.33391E-02    0.21672E-02    0.32526E-02
   -0.29143E-02    0.22674E-02    0.34051E-02
   -0.25089E-02    0.22810E-02    0.27459E-02
   -0.22783E-02    0.24617E-02    0.17839E-02
   -0.19629E-02    0.28012E-02    0.10075E-02
   -0.12532E-02    0.29497E-02    0.32795E-03
   -0.43385E-03    0.25848E-02   -0.61051E-03
   -0.17197E-03    0.17770E-02   -0.16950E-02
   -0.69379E-03    0.93621E-03   -0.22627E-02
   -0.16133E-02    0.42965E-03   -0.18182E-02
   -0.25496E-02    0.29318E-03   -0.59397E-03
   -0.34384E-02    0.31622E-03    0.67244E-03
   -0.42031E-02    0.35845E-03    0.13111E-02
   -0.46232E-02    0.51681E-03    0.10420E-02
   -0.46773E-02    0.95347E-03    0.44235E-04
   -0.46025E-02    0.16057E-02   -0.11195E-02
   -0.44596E-02    0.21453E-02   -0.18908E-02
   -0.40340E-02    0.22564E-02   -0.22321E-02
   -0.33346E-02    0.19185E-02   -0.25617E-02
   -0.27910E-02    0.13840E-02   -0.30131E-02
   -0.27099E-02    0.89106E-03   -0.30705E-02
   -0.28652E-02    0.43962E-03   -0.22819E-02
   -0.28755E-02   -0.12997E-03   -0.10872E-02
   -0.26973E-02   -0.86444E-03   -0.44115E-03
   -0.25009E-02   -0.15642E-02   -0.67133E-03
   -0.23354E-02   -0.19767E-02   -0.12050E-02
   -0.21912E-02   -0.21055E-02   -0.14965E-02
   -0.21614E-02   -0.22350E-02   -0.16994E-02
   -0.22681E-02   -0.25890E-02   -0.21327E-02
   -0.23147E-02   -0.30290E-02   -0.25042E-02
   -0.21539E-02   -0.31972E-02   -0.21731E-02
   -0.19186E-02   -0.29384E-02   -0.10869E-02
   -0.17670E-02   -0.24525E-02   -0.67610E-05
   -0.16019E-02   -0.20013E-02    0.33896E-03
   -0.12802E-02   -0.16058E-02    0.77608E-04
   -0.88553E-03   -0.11485E-02   -0.17551E-04
   -0.52636E-03   -0.68560E-03    0.55490E-03
   -0.82084E-04   -0.47997E-03    0.15332E-02
    0.53339E-03   -0.69330E-03    0.23486E-02
    0.10400E-02   -0.11565E-02    0.28509E-02
    0.10862E-02   -0.15053E-02    0.33349E-02
    0.76610E-03   -0.14890E-02    0.39198E-02
    0.50476E-03   -0.11120E-02    0.42746E-02
    0.51139E-03   -0.54163E-03    0.41232E-02
    0.67578E-03    0.48306E-04    0.36769E-02
    0.92441E-03    0.56070E-03    0.32270E-02
    0.13022E-02    0.97631E-03    0.25998E-02
    0.17125E-02    0.13153E-02    0.15289E-02
    0.19494E-02    0.15974E-02    0.41067E-03
    0.20524E-02    0.18262E-02    0.19035E-04
    0.23085E-02    0.19977E-02    0.38417E-03
    0.28167E-02    0.21276E-02    0.62879E-03
    0.33358E-02    0.22776E-02    0.20642E-03
    0.36656E-02    0.25205E-02   -0.32102E-03
    0.39104E-02    0.28080E-02   -0.20373E-03
    0.42171E-02    0.28735E-02    0.31930E-03
    0.44714E-02    0.24031E-02    0.38857E-03
    0.44362E-02    0.14081E-02   -0.23701E-03
    0.40814E-02    0.33798E-03   -0.94142E-03
    0.36492E-02   -0.34471E-03   -0.11264E-02
    0.34513E-02   -0.68817E-03   -0.81661E-03
    0.36288E-02   -0.11933E-02   -0.49952E-03
    0.40146E-02   -0.22004E-02   -0.77888E-03
    0.42210E-02   -0.34657E-02   -0.19673E-02
    0.39834E-02   -0.43987E-02   -0.35210E-02
    0.34268E-02   -0.46126E-02   -0.41436E-02
    0.28944E-02   -0.42053E-02   -0.31091E-02
    0.25693E-02   -0.36164E-02   -0.13089E-02
    0.24192E-02   -0.32610E-02   -0.27093E-03
    0.24199E-02   -0.31876E-02   -0.30927E-03
    0.25688E-02   -0.30463E-02   -0.50983E-03
    0.27091E-02   -0.25173E-02   -0.44177E-03
    0.26544E-02   -0.18000E-02   -0.72463E-03
    0.25312E-02   -0.14817E-02   -0.16232E-02
    0.26946E-02   -0.18243E-02   -0.22478E-02
    0.32221E-02   -0.23982E-02   -0.18152E-02
    0.37996E-02   -0.25950E-02   -0.79336E-03
    0.42250E-02   -0.23046E-02   -0.90729E-05
    0.46740E-02   -0.18486E-02    0.61880E-03
    0.52548E-02   -0.14255E-02    0.15525E-02
    0.56271E-02   -0.96923E-03    0.24464E-02
    0.53789E-02   -0.49450E-03    0.25118E-02
    0.45562E-02   -0.20781E-03    0.17411E-02
    0.35174E-02   -0.19212E-03    0.81231E-03
    0.24676E-02   -0.25991E-03   -0.52058E-05
    0.14821E-02   -0.22856E-03   -0.90784E-03
    0.80484E-03   -0.11842E-03   -0.16486E-02
    0.67332E-03    0.25357E-04   -0.15674E-02
    0.87009E-03    0.28505E-03   -0.63825E-03
    0.84670E-03    0.69686E-03    0.36760E-03
    0.35737E-03    0.10928E-02    0.94920E-03
   -0.34076E-03    0.12611E-02    0.13719E-02
   -0.96294E-03    0.11414E-02    0.19206E-02
   -0.15497E-02    0.76677E-03    0.24034E-02
   -0.22518E-02    0.18659E-03    0.26701E-02
   -0.30611E-02   -0.41675E-03    0.29372E-02
   -0.38915E-02   -0.72975E-03    0.32408E-02
   -0.46853E-02   -0.64900E-03    0.31748E-02
   -0.53065E-02   -0.49652E-03    0.25938E-02
   -0.55624E-02   -0.64914E-03    0.20729E-02
   -0.54735E-02   -0.10267E-02    0.22111E-02
   -0.53068E-02   -0.12257E-02    0.28451E-02
   -0.52051E-02   -0.11621E-02    0.33628E-02
   -0.50132E-02   -0.12739E-02    0.34881E-02
   -0.46349E-02   -0.19355E-02    0.33828E-02
   -0.42927E-02   -0.28948E-02    0.32563E-02
   -0.41921E-02   -0.35405E-02    0.32605E-02
   -0.41658E-02   -0.36459E-02    0.35508E-02
   -0.39699E-02   -0.35827E-02    0.40806E-02
   -0.37539E-02   -0.37535E-02    0.44667E-02
   -0.38603E-02   -0.40606E-02    0.43567E-02
   -0.42533E-02   -0.41230E-02    0.38293E-02
   -0.45478E-02   -0.38654E-02    0.32211E-02
   -0.46011E-02   -0.36000E-02    0.26873E-02
   -0.46723E-02   -0.35245E-02    0.21207E-02
   -0.49005E-02   -0.34510E-02    0.13675E-02
   -0.50144E-02   -0.31841E-02    0.36328E-03
   -0.47648E-02   -0.29013E-02   -0.79613E-03
   -0.43308E-02   -0.28762E-02   -0.17917E-02
   -0.40171E-02   -0.29816E-02   -0.22718E-02
   -0.37591E-02   -0.28156E-02   -0.22329E-02
   -0.32412E-02   -0.22965E-02   -0.20195E-02
   -0.24014E-02   -0.18006E-02   -0.18451E-02
   -0.15196E-02   -0.16434E-02   -0.15664E-02
   -0.82290E-03   -0.17216E-02   -0.10658E-02
   -0.26647E-03   -0.17810E-02   -0.56127E-03
    0.25743E-03   -0.17621E-02   -0.30471E-03
    0.73276E-03   -0.17076E-02   -0.19164E-03
    0.11448E-02   -0.15725E-02    0.74340E-04
    0.16098E-02   -0.13599E-02    0.54682E-03
    0.22253E-02   -0.12635E-02    0.93197E-03
    0.28838E-02   -0.14045E-02    0.83630E-03
    0.33865E-02   -0.15121E-02    0.10136E-03
    0.37088E-02   -0.11116E-02   -0.91743E-03
    0.40181E-02   -0.29520E-04   -0.14487E-02
    0.44154E-02    0.14321E-02   -0.10366E-02
    0.47765E-02    0.27725E-02   -0.19554E-03
    0.49034E-02    0.36018E-02    0.11377E-03
    0.47429E-02    0.37723E-02   -0.25315E-03
    0.43756E-02    0.34337E-02   -0.45090E-03
    0.38519E-02    0.29726E-02    0.40964E-04
    0.31536E-02    0.27146E-02    0.59036E-03
    0.23033E-02    0.26215E-02    0.39671E-03
    0.14015E-02    0.23714E-02   -0.26044E-03
    0.54011E-03    0.17538E-02   -0.46468E-03
   -0.21828E-03    0.91602E-03   -0.81303E-05
   -0.74499E-03    0.23169E-03    0.48569E-03
   -0.85874E-03   -0.80598E-05    0.64820E-03
   -0.53195E-03    0.19288E-03    0.80008E-03
   -0.13087E-04    0.56136E-03    0.12320E-02
    0.34989E-03    0.82104E-03    0.17297E-02
    0.37610E-03    0.96551E-03    0.20160E-02
    0.10630E-03    0.11946E-02    0.21111E-02
   -0.30796E-03    0.15772E-02    0.20052E-02
   -0.67197E-03    0.19654E-02    0.14656E-02
   -0.78414E-03    0.23326E-02    0.52056E-03
   -0.54113E-03    0.29599E-02   -0.23057E-03
   -0.95802E-05    0.40641E-02   -0.20907E-03
    0.64984E-03    0.54159E-02    0.41323E-03
    0.12734E-02    0.65952E-02    0.92301E-03
    0.16842E-02    0.74879E-02    0.91376E-03
    0.17410E-02    0.82206E-02    0.60968E-03
    0.15167E-02    0.87226E-02    0.35428E-03
    0.13019E-02    0.87539E-02    0.89138E-04
    0.12921E-02    0.83627E-02   -0.49911E-03
    0.13988E-02    0.78973E-02   -0.14792E-02
    0.15200E-02    0.74761E-02   -0.25537E-02
    0.18105E-02    0.68477E-02   -0.34547E-02
    0.24186E-02    0.59404E-02   -0.42713E-02
    0.30994E-02    0.51464E-02   -0.52338E-02
    0.34331E-02    0.47725E-02   -0.62569E-02
    0.33748E-02    0.45389E-02   -0.69239E-02
    0.32480E-02    0.39975E-02   -0.69932E-02
    0.32154E-02    0.32205E-02   -0.67663E-02
    0.31354E-02    0.26520E-02   -0.68144E-02
    0.29613E-02    0.23989E-02   -0.73682E-02
    0.28419E-02    0.21301E-02   -0.80357E-02
    0.26887E-02    0.17051E-02   -0.81223E-02
    0.20732E-02    0.14647E-02   -0.72645E-02
    0.82623E-03    0.17038E-02   -0.58135E-02
   -0.58962E-03    0.21621E-02   -0.45466E-02
   -0.15959E-02    0.22951E-02   -0.39289E-02
   -0.21190E-02    0.18931E-02   -0.37766E-02
   -0.23909E-02    0.12087E-02   -0.37604E-02
   -0.23794E-02    0.56439E-03   -0.39775E-02
   -0.18207E-02    0.57688E-04   -0.46304E-02
   -0.73226E-03   -0.36059E-03   -0.52825E-02
    0.44867E-03   -0.71892E-03   -0.50174E-02
    0.12595E-02   -0.10134E-02   -0.35033E-02
    0.15487E-02   -0.12567E-02   -0.14406E-02
    0.14659E-02   -0.14579E-02    0.26837E-03
    0.13032E-02   -0.15982E-02    0.13738E-02
    0.12937E-02   -0.16859E-02    0.20419E-02
    0.14038E-02   -0.18119E-02    0.22409E-02
    0.13745E-02   -0.21053E-02    0.18613E-02
    0.10737E-02   -0.26375E-02    0.12079E-02
    0.68530E-03   -0.33781E-02    0.86912E-03
    0.43445E-03   -0.41943E-02    0.11046E-02
    0.32003E-03   -0.48424E-02    0.16311E-02
    0.29871E-03   -0.50359E-02    0.19263E-02
    0.50043E-03   -0.46800E-02    0.15451E-02
    0.96902E-03   -0.40793E-02    0.33940E-03
    0.13701E-02   -0.37723E-02   -0.13295E-02
    0.13254E-02   -0.40387E-02   -0.27320E-02
    0.96637E-03   -0.46463E-02   -0.34093E-02
    0.80403E-03   -0.51800E-02   -0.35766E-02
    0.10554E-02   -0.55045E-02   -0.37046E-02
    0.14191E-02   -0.57162E-02   -0.39124E-02
    0.15499E-02   -0.57404E-02   -0.40125E-02
    0.14558E-02   -0.52958E-02   -0.38746E-02
    0.13437E-02   -0.43427E-02   -0.33855E-02
    0.13151E-02   -0.32802E-02   -0.23021E-02
    0.13151E-02   -0.24891E-02   -0.60240E-03
    0.12163E-02   -0.18619E-02    0.11742E-02
    0.89312E-03   -0.10314E-02    0.24105E-02
    0.36261E-03    0.31556E-04    0.31634E-02
   -0.11917E-03    0.90863E-03    0.39954E-02
   -0.25487E-03    0.12062E-02    0.51157E-02
   -0.34029E-04    0.91086E-03    0.61395E-02
    0.24819E-03    0.25610E-03    0.66812E-02
    0.28137E-03   -0.52942E-03    0.67158E-02
   -0.65735E-04   -0.12380E-02    0.63089E-02
   -0.75389E-03   -0.16431E-02    0.54791E-02
   -0.15729E-02   -0.16440E-02    0.44962E-02
   -0.21815E-02   -0.14186E-02    0.39072E-02
   -0.23816E-02   -0.13024E-02    0.40106E-02
   -0.23595E-02   -0.14820E-02    0.45333E-02
   -0.24590E-02   -0.18342E-02    0.49994E-02
   -0.27286E-02   -0.20724E-02    0.52270E-02
   -0.29064E-02   -0.20484E-02    0.53389E-02
   -0.28451E-02   -0.19099E-02    0.54603E-02
   -0.27112E-02   -0.19199E-02    0.55160E-02
   -0.27262E-02   -0.21080E-02    0.52208E-02
   -0.29360E-02   -0.22032E-02    0.42861E-02
   -0.32945E-02   -0.20129E-02    0.28257E-02
   -0.37589E-02   -0.17527E-02    0.15311E-02
   -0.42131E-02   -0.17899E-02    0.11864E-02
   -0.44647E-02   -0.20867E-02    0.19460E-02
   -0.44214E-02   -0.21636E-02    0.32601E-02
   -0.41779E-02   -0.16993E-02    0.44634E-02
   -0.39047E-02   -0.93674E-03    0.51864E-02
   -0.37402E-02   -0.34197E-03    0.52529E-02
   -0.37464E-02   -0.51331E-04    0.45965E-02
   -0.38163E-02    0.14515E-03    0.34397E-02
   -0.36742E-02    0.41697E-03    0.22499E-02
   -0.31700E-02    0.73738E-03    0.12998E-02
   -0.25530E-02    0.10518E-02    0.44869E-03
   -0.22409E-02    0.13654E-02   -0.47889E-03
   -0.23317E-02    0.16609E-02   -0.12810E-02
   -0.25714E-02    0.19152E-02   -0.15631E-02
   -0.27823E-02    0.21975E-02   -0.12742E-02
   -0.30358E-02    0.25689E-02   -0.89015E-03
   -0.33590E-02    0.28840E-02   -0.10205E-02
   -0.35774E-02    0.29013E-02   -0.18388E-02
   -0.35935E-02    0.26288E-02   -0.28810E-02
   -0.35984E-02    0.23464E-02   -0.34418E-02
   -0.38471E-02    0.22011E-02   -0.32398E-02
   -0.43604E-02    0.19936E-02   -0.26668E-02
   -0.49359E-02    0.15139E-02   -0.23356E-02
   -0.53030E-02    0.90993E-03   -0.24747E-02
   -0.52018E-02    0.51379E-03   -0.28576E-02
   -0.45228E-02    0.40366E-03   -0.31632E-02
   -0.35223E-02    0.35769E-03   -0.31726E-02
   -0.27620E-02    0.21436E-03   -0.26903E-02
   -0.26532E-02    0.69379E-04   -0.15780E-02
   -0.30659E-02    0.78937E-04    0.15634E-04
   -0.34339E-02    0.24251E-03    0.16021E-02
   -0.32318E-02    0.46908E-03    0.26455E-02
   -0.23929E-02    0.73473E-03    0.29213E-02
   -0.13559E-02    0.10505E-02    0.26452E-02
   -0.67476E-03    0.13328E-02    0.23024E-02
   -0.50677E-03    0.14468E-02    0.22581E-02
   -0.55624E-03    0.14033E-02    0.24429E-02
   -0.58441E-03    0.14079E-02    0.24996E-02
   -0.75116E-03    0.16194E-02    0.23051E-02
   -0.12293E-02    0.18930E-02    0.21877E-02
   -0.17189E-02    0.18776E-02    0.24947E-02
   -0.17525E-02    0.14146E-02    0.31021E-02
   -0.13754E-02    0.76931E-03    0.35476E-02
   -0.10719E-02    0.39278E-03    0.35374E-02
   -0.10273E-02    0.49144E-03    0.31353E-02
   -0.93626E-03    0.89637E-03    0.25444E-02
   -0.62152E-03    0.13091E-02    0.18906E-02
   -0.35858E-03    0.15662E-02    0.11611E-02
   -0.40168E-03    0.16665E-02    0.21782E-03
   -0.62047E-03    0.16611E-02   -0.10504E-02
   -0.85259E-03    0.15866E-02   -0.24858E-02
   -0.12348E-02    0.14664E-02   -0.36872E-02
   -0.18887E-02    0.13438E-02   -0.43564E-02
   -0.25822E-02    0.13094E-02   -0.44654E-02
   -0.29988E-02    0.14469E-02   -0.40647E-02
   -0.31000E-02    0.16958E-02   -0.32362E-02
   -0.29736E-02    0.18295E-02   -0.23295E-02
   -0.25832E-02    0.16773E-02   -0.18135E-02
   -0.19213E-02    0.13315E-02   -0.16246E-02
   -0.11465E-02    0.10189E-02   -0.10531E-02
   -0.30134E-03    0.81405E-03    0.37313E-03
    0.82605E-03    0.62506E-03    0.22465E-02
    0.22624E-02    0.40513E-03    0.38806E-02
    0.35691E-02    0.16642E-03    0.51080E-02
    0.43761E-02   -0.19024E-03    0.59554E-02
    0.49308E-02   -0.78483E-03    0.59763E-02
    0.56641E-02   -0.14460E-02    0.47308E-02
    0.64160E-02   -0.17818E-02    0.27779E-02
    0.66199E-02   -0.16962E-02    0.13406E-02
    0.61980E-02   -0.15649E-02    0.85594E-03
    0.57566E-02   -0.17149E-02    0.53355E-03
    0.58191E-02   -0.19779E-02   -0.44884E-03
    0.62949E-02   -0.19925E-02   -0.19106E-02
    0.68243E-02   -0.17197E-02   -0.31162E-02
    0.72634E-02   -0.13732E-02   -0.37743E-02
    0.76331E-02   -0.10295E-02   -0.42039E-02
    0.78850E-02   -0.63730E-03   -0.47558E-02
    0.79659E-02   -0.28289E-03   -0.53877E-02
    0.79723E-02   -0.89855E-04   -0.57618E-02
    0.80547E-02    0.75350E-04   -0.56363E-02
    0.82363E-02    0.45375E-03   -0.51647E-02
    0.84261E-02    0.98439E-03   -0.47310E-02
    0.85504E-02    0.13769E-02   -0.44338E-02
    0.86111E-02    0.15635E-02   -0.39649E-02
    0.86653E-02    0.17188E-02   -0.31784E-02
    0.87707E-02    0.18344E-02   -0.24516E-02
    0.89021E-02    0.16782E-02   -0.21252E-02
    0.89416E-02    0.12485E-02   -0.19159E-02
    0.88217E-02    0.85471E-03   -0.14067E-02
    0.86504E-02    0.60509E-03   -0.87210E-03
    0.86158E-02    0.21001E-03   -0.97413E-03
    0.87880E-02   -0.50686E-03   -0.17174E-02
    0.90734E-02   -0.12892E-02   -0.23314E-02
    0.92950E-02   -0.19049E-02   -0.22167E-02
    0.92460E-02   -0.25543E-02   -0.14809E-02
    0.87707E-02   -0.34619E-02   -0.55355E-03
    0.79391E-02   -0.43557E-02    0.17443E-03
    0.70870E-02   -0.47914E-02    0.33205E-03
    0.65404E-02   -0.48147E-02   -0.21334E-03
    0.63083E-02   -0.48529E-02   -0.10406E-02
    0.61212E-02   -0.50203E-02   -0.15829E-02
    0.57150E-02   -0.49578E-02   -0.18564E-02
    0.50233E-02   -0.43846E-02   -0.22597E-02
    0.42209E-02   -0.34383E-02   -0.27280E-02
    0.36845E-02   -0.23978E-02   -0.27612E-02
    0.37432E-02   -0.13896E-02   -0.22805E-02
    0.42806E-02   -0.46902E-03   -0.17201E-02
    0.47052E-02    0.28654E-03   -0.12242E-02
    0.45234E-02    0.89904E-03   -0.55210E-03
    0.38525E-02    0.14854E-02    0.12316E-03
    0.31820E-02    0.19980E-02    0.23620E-03
    0.27622E-02    0.21496E-02   -0.91470E-04
    0.24849E-02    0.17365E-02    0.83649E-04
    0.22414E-02    0.91966E-03    0.11691E-02
    0.20399E-02    0.92812E-04    0.24105E-02
    0.17829E-02   -0.42024E-03    0.31143E-02
    0.12875E-02   -0.49441E-03    0.36110E-02
    0.61123E-03   -0.20670E-03    0.43247E-02
    0.53784E-04    0.17865E-03    0.46999E-02
   -0.28863E-03    0.35929E-03    0.39596E-02
   -0.70670E-03    0.24221E-03    0.24031E-02
   -0.14627E-02   -0.39332E-04    0.10696E-02
   -0.24198E-02   -0.38949E-03    0.45189E-03
   -0.32653E-02   -0.86037E-03    0.31126E-03
   -0.39154E-02   -0.14152E-02    0.44488E-03
   -0.44840E-02   -0.17932E-02    0.82986E-03
   -0.49939E-02   -0.18052E-02    0.11724E-02
   -0.53784E-02   -0.16138E-02    0.10337E-02
   -0.57410E-02   -0.14795E-02    0.34930E-03
   -0.63767E-02   -0.13151E-02   -0.66792E-03
   -0.74419E-02   -0.78000E-03   -0.19128E-02
   -0.87032E-02    0.16129E-03   -0.31537E-02
   -0.96951E-02    0.10476E-02   -0.37583E-02
   -0.10102E-01    0.14128E-02   -0.33679E-02
   -0.99585E-02    0.12813E-02   -0.26164E-02
   -0.95092E-02    0.10144E-02   -0.24180E-02
   -0.89556E-02    0.80956E-03   -0.26889E-02
   -0.83836E-02    0.57230E-03   -0.25871E-02
   -0.78913E-02    0.23221E-03   -0.19698E-02
   -0.76453E-02   -0.71423E-04   -0.17067E-02
   -0.77378E-02   -0.21195E-03   -0.23436E-02
   -0.80696E-02   -0.30246E-03   -0.32528E-02
   -0.84623E-02   -0.53569E-03   -0.34853E-02
   -0.88191E-02   -0.88889E-03   -0.28565E-02
   -0.90679E-02   -0.11768E-02   -0.17856E-02
   -0.90333E-02   -0.13766E-02   -0.60180E-03
   -0.85581E-02   -0.16892E-02    0.46202E-03
   -0.77759E-02   -0.21999E-02    0.93905E-03
   -0.71010E-02   -0.26574E-02    0.43002E-03
   -0.68494E-02   -0.27418E-02   -0.75604E-03
   -0.69366E-02   -0.24483E-02   -0.16813E-02
   -0.70127E-02   -0.20308E-02   -0.16440E-02
   -0.68591E-02   -0.16282E-02   -0.77142E-03
   -0.66079E-02   -0.11399E-02    0.33810E-03
   -0.65823E-02   -0.46944E-03    0.13626E-02
   -0.69488E-02    0.30911E-03    0.23959E-02
   -0.75516E-02    0.10827E-02    0.33947E-02
   -0.81029E-02    0.18222E-02    0.39056E-02
   -0.84793E-02    0.24706E-02    0.36826E-02
   -0.87286E-02    0.28498E-02    0.33240E-02
   -0.88232E-02    0.28221E-02    0.37020E-02
   -0.86162E-02    0.24804E-02    0.47087E-02
   -0.81268E-02    0.20730E-02    0.51766E-02
   -0.76594E-02    0.17918E-02    0.43262E-02
   -0.74536E-02    0.17159E-02    0.27449E-02
   -0.73652E-02    0.18768E-02    0.15171E-02
   -0.71085E-02    0.22384E-02    0.89443E-03
   -0.66993E-02    0.26528E-02    0.42102E-03
   -0.63922E-02    0.29717E-02   -0.56423E-04
   -0.62372E-02    0.32112E-02   -0.30944E-03
   -0.59847E-02    0.35130E-02   -0.48095E-03
   -0.54518E-02    0.39456E-02   -0.10589E-02
   -0.47323E-02    0.44250E-02   -0.19854E-02
   -0.40012E-02    0.48077E-02   -0.25161E-02
   -0.33465E-02    0.49734E-02   -0.22131E-02
   -0.28561E-02    0.48607E-02   -0.14844E-02
   -0.26280E-02    0.45611E-02   -0.81612E-03
   -0.25822E-02    0.43559E-02    0.31537E-05
   -0.24533E-02    0.44787E-02    0.14348E-02
   -0.20832E-02    0.47875E-02    0.32903E-02
   -0.15711E-02    0.48411E-02    0.47644E-02
   -0.10729E-02    0.44035E-02    0.53048E-02
   -0.64158E-03    0.37376E-02    0.51496E-02
   -0.33317E-03    0.32625E-02    0.50064E-02
   -0.21848E-03    0.30149E-02    0.53455E-02
   -0.15204E-03    0.26277E-02    0.59626E-02
    0.21281E-03    0.18236E-02    0.61606E-02
    0.95901E-03    0.76361E-03    0.54433E-02
    0.16686E-02   -0.14024E-03    0.40672E-02
    0.19244E-02   -0.63802E-03    0.27664E-02
    0.18959E-02   -0.78292E-03    0.19144E-02
    0.21134E-02   -0.73836E-03    0.11852E-02
    0.27411E-02   -0.57769E-03    0.14448E-03
    0.34072E-02   -0.31374E-03   -0.10640E-02
    0.37724E-02   -0.46842E-04   -0.18272E-02
    0.39548E-02    0.23677E-04   -0.17120E-02
    0.42861E-02   -0.23135E-03   -0.82422E-03
    0.48830E-02   -0.73837E-03    0.35675E-03
    0.56027E-02   -0.12909E-02    0.12915E-02
    0.62511E-02   -0.17106E-02    0.16165E-02
    0.66963E-02   -0.19136E-02    0.13280E-02
    0.69049E-02   -0.18996E-02    0.78436E-03
    0.70172E-02   -0.17717E-02    0.37527E-03
    0.72925E-02   -0.17159E-02    0.13397E-03
    0.78117E-02   -0.18454E-02   -0.21313E-03
    0.82572E-02   -0.20913E-02   -0.79313E-03
    0.81441E-02   -0.23498E-02   -0.13390E-02
    0.73296E-02   -0.26779E-02   -0.14829E-02
    0.62232E-02   -0.31625E-02   -0.11610E-02
    0.54383E-02   -0.36362E-02   -0.58920E-03
    0.52527E-02   -0.37808E-02    0.28378E-04
    0.54322E-02   -0.35699E-02    0.52603E-03
    0.55568E-02   -0.33381E-02    0.59869E-03
    0.54552E-02   -0.32699E-02   -0.70467E-05
    0.52867E-02   -0.30847E-02   -0.98077E-03
    0.52578E-02   -0.24627E-02   -0.15026E-02
    0.53720E-02   -0.15738E-02   -0.11588E-02
    0.54800E-02   -0.88085E-03   -0.57887E-03
    0.54658E-02   -0.54538E-03   -0.74209E-03
    0.53052E-02   -0.35485E-03   -0.17522E-02
    0.50334E-02   -0.17846E-03   -0.27471E-02
    0.47620E-02   -0.14662E-03   -0.30034E-02
    0.46404E-02   -0.33880E-03   -0.26376E-02
    0.46495E-02   -0.61045E-03   -0.21227E-02
    0.44977E-02   -0.84847E-03   -0.16393E-02
    0.39256E-02   -0.11564E-02   -0.11746E-02
    0.31007E-02   -0.16446E-02   -0.81673E-03
    0.24755E-02   -0.22128E-02   -0.57727E-03
    0.22069E-02   -0.26717E-02   -0.25106E-03
    0.19764E-02   -0.29447E-02    0.16753E-03
    0.15122E-02   -0.30364E-02    0.23586E-03
    0.10298E-02   -0.29169E-02   -0.32106E-03
    0.91702E-03   -0.25588E-02   -0.10004E-02
    0.11896E-02   -0.20248E-02   -0.10732E-02
    0.15763E-02   -0.14439E-02   -0.61621E-03
    0.20121E-02   -0.93128E-03   -0.39334E-03
    0.26562E-02   -0.53571E-03   -0.67510E-03
    0.34266E-02   -0.21591E-03   -0.80433E-03
    0.39265E-02    0.77163E-04   -0.20639E-03
    0.39627E-02    0.21720E-03    0.66489E-03
    0.37820E-02   -0.67778E-04    0.84246E-03
    0.35920E-02   -0.79177E-03    0.65127E-04
    0.31922E-02   -0.14609E-02   -0.97728E-03
    0.24124E-02   -0.15197E-02   -0.15830E-02
    0.16494E-02   -0.99924E-03   -0.18199E-02
    0.14992E-02   -0.41733E-03   -0.22177E-02
    0.19135E-02   -0.89292E-04   -0.29502E-02
    0.21645E-02    0.73233E-04   -0.36211E-02
    0.17304E-02    0.10158E-03   -0.38172E-02
    0.84817E-03   -0.16159E-03   -0.35808E-02
    0.64655E-04   -0.57745E-03   -0.31775E-02
   -0.38644E-03   -0.62941E-03   -0.26114E-02
   -0.50744E-03   -0.15477E-03   -0.16933E-02
   -0.16979E-03    0.27478E-03   -0.56569E-03
    0.73696E-03    0.95122E-04    0.20685E-03
    0.18791E-02   -0.49475E-03    0.26559E-03
    0.26197E-02   -0.94834E-03   -0.42977E-04
    0.26876E-02   -0.11951E-02   -0.25243E-04
    0.24329E-02   -0.15098E-02    0.62498E-03
    0.22970E-02   -0.18054E-02    0.16412E-02
    0.22633E-02   -0.16721E-02    0.25871E-02
    0.20214E-02   -0.10544E-02    0.31768E-02
    0.15107E-02   -0.33024E-03    0.32699E-02
    0.10481E-02    0.29259E-03    0.28706E-02
    0.93424E-03    0.95095E-03    0.22031E-02
    0.11278E-02    0.16558E-02    0.15671E-02
    0.13565E-02    0.21577E-02    0.10319E-02
    0.14275E-02    0.24106E-02    0.44163E-03
    0.13767E-02    0.27203E-02   -0.22307E-03
    0.14061E-02    0.32477E-02   -0.70175E-03
    0.17277E-02    0.37412E-02   -0.80232E-03
    0.24001E-02    0.39526E-02   -0.68553E-03
    0.32547E-02    0.39985E-02   -0.57948E-03
    0.40167E-02    0.41190E-02   -0.35751E-03
    0.45336E-02    0.43553E-02    0.27225E-03
    0.48472E-02    0.46317E-02    0.11633E-02
    0.50318E-02    0.49058E-02    0.16863E-02
    0.50500E-02    0.50886E-02    0.14600E-02
    0.48276E-02    0.50577E-02    0.81452E-03
    0.44011E-02    0.48684E-02    0.23429E-03
    0.39065E-02    0.47102E-02   -0.36094E-03
    0.34588E-02    0.45713E-02   -0.12679E-02
    0.30956E-02    0.42413E-02   -0.20851E-02
    0.27759E-02    0.37318E-02   -0.18926E-02
    0.23597E-02    0.33362E-02   -0.61003E-03
    0.16757E-02    0.31309E-02    0.46681E-03
    0.72408E-03    0.28058E-02    0.41120E-04
   -0.25594E-03    0.22162E-02   -0.16303E-02
   -0.10592E-02    0.17157E-02   -0.31037E-02
   -0.17754E-02    0.16220E-02   -0.33952E-02
   -0.25723E-02    0.16748E-02   -0.26662E-02
   -0.32618E-02    0.13937E-02   -0.14841E-02
   -0.33644E-02    0.73707E-03   -0.17023E-03
   -0.26952E-02    0.34260E-04    0.10522E-02
   -0.16586E-02   -0.54527E-03    0.19458E-02
   -0.83154E-03   -0.10705E-02    0.25330E-02
   -0.45364E-03   -0.15140E-02    0.30154E-02
   -0.47489E-03   -0.16984E-02    0.32927E-02
   -0.87411E-03   -0.15485E-02    0.30624E-02
   -0.16421E-02   -0.11627E-02    0.25003E-02
   -0.25521E-02   -0.71914E-03    0.22251E-02
   -0.32634E-02   -0.48748E-03    0.23663E-02
   -0.37075E-02   -0.73001E-03    0.23057E-02
   -0.41648E-02   -0.13171E-02    0.16715E-02
   -0.48718E-02   -0.16525E-02    0.94329E-03
   -0.56800E-02   -0.13358E-02    0.60933E-03
   -0.61943E-02   -0.75567E-03    0.35639E-03
   -0.61948E-02   -0.68096E-03   -0.28379E-03
   -0.58706E-02   -0.13942E-02   -0.10298E-02
   -0.56422E-02   -0.25748E-02   -0.13624E-02
   -0.57540E-02   -0.38546E-02   -0.15444E-02
   -0.60614E-02   -0.50300E-02   -0.22530E-02
   -0.62831E-02   -0.58310E-02   -0.33740E-02
   -0.64365E-02   -0.60109E-02   -0.40494E-02
   -0.68499E-02   -0.57105E-02   -0.39376E-02
   -0.76688E-02   -0.53219E-02   -0.35932E-02
   -0.85357E-02   -0.49826E-02   -0.34232E-02
   -0.89470E-02   -0.46114E-02   -0.30630E-02
   -0.88228E-02   -0.43833E-02   -0.21713E-02
   -0.85286E-02   -0.46067E-02   -0.12271E-02
   -0.83803E-02   -0.50835E-02   -0.10017E-02
   -0.83144E-02   -0.52041E-02   -0.15487E-02
   -0.80523E-02   -0.48515E-02   -0.21559E-02
   -0.74678E-02   -0.46073E-02   -0.21483E-02
   -0.67892E-02   -0.47942E-02   -0.14410E-02
   -0.64832E-02   -0.49336E-02   -0.42510E-03
   -0.68337E-02   -0.45611E-02    0.44392E-03
   -0.75542E-02   -0.40056E-02    0.99892E-03
   -0.79844E-02   -0.38017E-02    0.14365E-02
   -0.78296E-02   -0.37911E-02    0.19855E-02
   -0.75361E-02   -0.34573E-02    0.25018E-02
   -0.77246E-02   -0.28138E-02    0.26037E-02
   -0.84222E-02   -0.22476E-02    0.22494E-02
   -0.91233E-02   -0.16851E-02    0.18820E-02
   -0.94339E-02   -0.68054E-03    0.18265E-02
   -0.93023E-02    0.69426E-03    0.18095E-02
   -0.87484E-02    0.17826E-02    0.13484E-02
   -0.78154E-02    0.22733E-02    0.44854E-03
   -0.67807E-02    0.25305E-02   -0.40734E-03
   -0.59730E-02    0.27974E-02   -0.92894E-03
   -0.53207E-02    0.27145E-02   -0.13790E-02
   -0.44864E-02    0.19748E-02   -0.21533E-02
   -0.35091E-02    0.94249E-03   -0.31650E-02
   -0.28456E-02    0.20927E-03   -0.38145E-02
   -0.26335E-02   -0.82573E-04   -0.35854E-02
   -0.24020E-02   -0.95184E-04   -0.26149E-02
   -0.17676E-02    0.15717E-03   -0.16303E-02
   -0.96279E-03    0.67165E-03   -0.13033E-02
   -0.34143E-03    0.11525E-02   -0.16605E-02
    0.21869E-03    0.13183E-02   -0.21160E-02
    0.98329E-03    0.13306E-02   -0.20442E-02
    0.17732E-02    0.14741E-02   -0.13177E-02
    0.22250E-02    0.15803E-02   -0.36440E-03
    0.24316E-02    0.12624E-02    0.23093E-03
    0.28012E-02    0.62702E-03    0.22121E-03
    0.33819E-02    0.21094E-03   -0.11312E-03
    0.38407E-02    0.18792E-03   -0.25265E-03
    0.40952E-02    0.16368E-03    0.50108E-04
    0.44565E-02   -0.10516E-03    0.54744E-03
    0.50438E-02   -0.27762E-03    0.77081E-03
    0.55049E-02    0.36346E-04    0.48083E-03
    0.55214E-02    0.69006E-03   -0.10675E-03
    0.52482E-02    0.12441E-02   -0.38219E-03
    0.50123E-02    0.15086E-02    0.37334E-03
    0.48222E-02    0.15430E-02    0.24686E-02
    0.44543E-02    0.13497E-02    0.53198E-02
    0.39018E-02    0.90582E-03    0.76366E-02
    0.34764E-02    0.37875E-03    0.84124E-02
    0.34453E-02    0.24460E-04    0.77796E-02
    0.37249E-02   -0.69359E-04    0.67127E-02
    0.40145E-02    0.55068E-04    0.59054E-02
    0.41724E-02    0.39462E-03    0.51650E-02
    0.43367E-02    0.88700E-03    0.39237E-02
    0.46101E-02    0.12736E-02    0.20447E-02
    0.47499E-02    0.13501E-02   -0.73279E-04
    0.44055E-02    0.12964E-02   -0.19927E-02
    0.36615E-02    0.14774E-02   -0.35393E-02
    0.30403E-02    0.19434E-02   -0.46052E-02
    0.28306E-02    0.23981E-02   -0.49210E-02
    0.27241E-02    0.26652E-02   -0.42521E-02
    0.23643E-02    0.29010E-02   -0.28039E-02
    0.19438E-02    0.32916E-02   -0.12538E-02
    0.18488E-02    0.37999E-02   -0.24972E-03
    0.19326E-02    0.43026E-02    0.90160E-04
    0.16811E-02    0.47521E-02    0.10140E-03
    0.10661E-02    0.51036E-02    0.77119E-04
    0.68772E-03    0.52842E-02    0.27096E-04
    0.94031E-03    0.53395E-02   -0.72703E-04
    0.15088E-02    0.54167E-02   -0.48653E-04
    0.19126E-02    0.55006E-02    0.26725E-03
    0.21446E-02    0.53870E-02    0.73487E-03
    0.24771E-02    0.50594E-02    0.10233E-02
    0.29471E-02    0.48646E-02    0.99976E-03
    0.33841E-02    0.50917E-02    0.82920E-03
    0.37590E-02    0.55455E-02    0.70103E-03
    0.41890E-02    0.57968E-02    0.64155E-03
    0.47026E-02    0.57485E-02    0.62706E-03
    0.52397E-02    0.56757E-02    0.70214E-03
    0.57835E-02    0.57387E-02    0.89865E-03
    0.62835E-02    0.57337E-02    0.11849E-02
    0.65772E-02    0.53852E-02    0.16120E-02
    0.66104E-02    0.46854E-02    0.23674E-02
    0.65981E-02    0.38525E-02    0.34825E-02
    0.67177E-02    0.30741E-02    0.45543E-02
    0.67713E-02    0.23550E-02    0.50103E-02
    0.64602E-02    0.15385E-02    0.47015E-02
    0.59060E-02    0.46029E-03    0.40120E-02
    0.55438E-02   -0.83201E-03    0.32958E-02
    0.55006E-02   -0.20286E-02    0.24942E-02
    0.54414E-02   -0.28437E-02    0.15464E-02
    0.51124E-02   -0.33412E-02    0.87114E-03
    0.46819E-02   -0.38281E-02    0.93001E-03
    0.43684E-02   -0.44168E-02    0.13844E-02
    0.40491E-02   -0.48691E-02    0.12838E-02
    0.35271E-02   -0.49230E-02    0.29105E-03
    0.29849E-02   -0.45989E-02   -0.80173E-03
    0.28187E-02   -0.41014E-02   -0.11223E-02
    0.30682E-02   -0.36088E-02   -0.82447E-03
    0.33079E-02   -0.33011E-02   -0.66575E-03
    0.31526E-02   -0.34044E-02   -0.86702E-03
    0.26506E-02   -0.39531E-02   -0.10455E-02
    0.21115E-02   -0.45745E-02   -0.10724E-02
    0.17473E-02   -0.47731E-02   -0.12317E-02
    0.15849E-02   -0.44725E-02   -0.14774E-02
    0.15499E-02   -0.40897E-02   -0.12605E-02
    0.14647E-02   -0.40161E-02   -0.36278E-03
    0.10772E-02   -0.41989E-02    0.65192E-03
    0.28995E-03   -0.43187E-02    0.11356E-02
   -0.66475E-03   -0.42164E-02    0.10584E-02
   -0.14384E-02   -0.39958E-02    0.71222E-03
   -0.19290E-02   -0.38106E-02    0.16719E-03
   -0.22599E-02   -0.37207E-02   -0.55789E-03
   -0.24164E-02   -0.37227E-02   -0.11358E-02
   -0.21693E-02   -0.37659E-02   -0.12336E-02
   -0.14926E-02   -0.37278E-02   -0.10082E-02
   -0.83830E-03   -0.35028E-02   -0.89448E-03
   -0.74356E-03   -0.31439E-02   -0.10017E-02
   -0.12320E-02   -0.28111E-02   -0.10526E-02
   -0.18240E-02   -0.25443E-02   -0.82228E-03
   -0.21096E-02   -0.21965E-02   -0.33325E-03
   -0.20811E-02   -0.16509E-02    0.28853E-03
   -0.18924E-02   -0.10060E-02    0.83602E-03
   -0.15794E-02   -0.45882E-03    0.96405E-03
   -0.11902E-02   -0.84935E-04    0.42905E-03
   -0.99026E-03    0.16881E-03   -0.58411E-03
   -0.12718E-02    0.33937E-03   -0.15808E-02
   -0.19767E-02    0.43129E-03   -0.22066E-02
   -0.26905E-02    0.52558E-03   -0.24485E-02
   -0.30308E-02    0.76334E-03   -0.24874E-02
   -0.29234E-02    0.11818E-02   -0.25437E-02
   -0.25120E-02    0.16645E-02   -0.27866E-02
   -0.19653E-02    0.20952E-02   -0.31861E-02
   -0.14415E-02    0.24796E-02   -0.35054E-02
   -0.10917E-02    0.28669E-02   -0.36135E-02
   -0.95485E-03    0.32306E-02   -0.37112E-02
   -0.89473E-03    0.34866E-02   -0.40335E-02
   -0.75770E-03    0.35708E-02   -0.44233E-02
   -0.57787E-03    0.34566E-02   -0.44755E-02
   -0.51077E-03    0.31685E-02   -0.40855E-02
   -0.55404E-03    0.28389E-02   -0.35868E-02
   -0.47184E-03    0.26582E-02   -0.32894E-02
   -0.86748E-04    0.26631E-02   -0.31135E-02
    0.44760E-03    0.26410E-02   -0.27968E-02
    0.80136E-03    0.23767E-02   -0.23053E-02
    0.85329E-03    0.19627E-02   -0.18805E-02
    0.75229E-03    0.17149E-02   -0.17092E-02
    0.57764E-03    0.17790E-02   -0.16728E-02
    0.15127E-03    0.19690E-02   -0.14750E-02
   -0.65085E-03    0.20318E-02   -0.94939E-03
   -0.15376E-02    0.19156E-02   -0.12114E-03
   -0.20063E-02    0.17010E-02    0.98933E-03
   -0.19251E-02    0.14175E-02    0.23243E-02
   -0.17109E-02    0.10662E-02    0.33769E-02
   -0.18377E-02    0.71660E-03    0.31903E-02
   -0.23145E-02    0.41257E-03    0.13154E-02
   -0.27566E-02    0.35710E-04   -0.12983E-02
   -0.28574E-02   -0.56686E-03   -0.29824E-02
   -0.26442E-02   -0.13255E-02   -0.30930E-02
   -0.23378E-02   -0.19763E-02   -0.25548E-02
   -0.21301E-02   -0.23637E-02   -0.24375E-02
   -0.21132E-02   -0.25672E-02   -0.25988E-02
   -0.22919E-02   -0.26996E-02   -0.22196E-02
   -0.25946E-02   -0.27521E-02   -0.11620E-02
   -0.29160E-02   -0.27262E-02   -0.55818E-04
   -0.31826E-02   -0.27630E-02    0.73902E-03
   -0.33687E-02   -0.29859E-02    0.14771E-02
   -0.34754E-02   -0.32914E-02    0.22759E-02
   -0.35372E-02   -0.34467E-02    0.26825E-02
   -0.36150E-02   -0.33822E-02    0.22768E-02
   -0.37154E-02   -0.32816E-02    0.13326E-02
   -0.37513E-02   -0.33838E-02    0.59746E-03
   -0.36700E-02   -0.37636E-02    0.55827E-03
   -0.35909E-02   -0.42820E-02    0.10179E-02
   -0.36972E-02   -0.46914E-02    0.12920E-02
   -0.39967E-02   -0.48286E-02    0.87296E-03
   -0.43233E-02   -0.47640E-02    0.43369E-04
   -0.45943E-02   -0.46951E-02   -0.33838E-03
   -0.49133E-02   -0.46187E-02    0.80410E-04
   -0.53505E-02   -0.42257E-02    0.53749E-03
   -0.57698E-02   -0.32943E-02    0.96352E-04
   -0.59812E-02   -0.21182E-02   -0.10043E-02
   -0.59426E-02   -0.13149E-02   -0.16225E-02
   -0.56773E-02   -0.11740E-02   -0.13387E-02
   -0.51109E-02   -0.13876E-02   -0.10113E-02
   -0.41799E-02   -0.14798E-02   -0.14026E-02
   -0.30465E-02   -0.13023E-02   -0.19805E-02
   -0.20087E-02   -0.99648E-03   -0.16665E-02
   -0.11981E-02   -0.66617E-03   -0.26436E-03
   -0.53189E-03   -0.30407E-03    0.15299E-02
    0.33706E-04    0.39226E-04    0.31849E-02
    0.39084E-03    0.22613E-03    0.46265E-02
    0.47341E-03    0.19307E-03    0.56342E-02
    0.39739E-03    0.82555E-05    0.58030E-02
    0.31671E-03   -0.25895E-03    0.52519E-02
    0.25360E-03   -0.61845E-03    0.46417E-02
    0.15812E-03   -0.10470E-02    0.41818E-02
    0.51637E-04   -0.13553E-02    0.32535E-02
    0.37314E-04   -0.12743E-02    0.14615E-02
    0.21897E-03   -0.74996E-03   -0.48955E-03
    0.62855E-03   -0.14164E-03   -0.15783E-02
    0.11607E-02    0.67663E-05   -0.17592E-02
    0.15948E-02   -0.47398E-03   -0.17704E-02
    0.18061E-02   -0.11044E-02   -0.18547E-02
    0.19372E-02   -0.12149E-02   -0.14822E-02
    0.21946E-02   -0.67225E-03   -0.41553E-03
    0.24901E-02    0.50030E-04    0.73547E-03
    0.25196E-02    0.55008E-03    0.13531E-02
    0.22167E-02    0.96103E-03    0.15769E-02
    0.18258E-02    0.15741E-02    0.17752E-02
    0.14285E-02    0.22633E-02    0.17680E-02
    0.76186E-03    0.25995E-02    0.11694E-02
   -0.27136E-03    0.24293E-02    0.19893E-03
   -0.12662E-02    0.20245E-02   -0.45708E-03
   -0.18419E-02    0.16738E-02   -0.46062E-03
   -0.22118E-02    0.14108E-02   -0.33353E-05
   -0.27794E-02    0.11871E-02    0.65265E-03
   -0.33844E-02    0.10516E-02    0.12376E-02
   -0.34973E-02    0.10439E-02    0.11987E-02
   -0.30803E-02    0.10963E-02    0.91169E-04
   -0.26591E-02    0.11540E-02   -0.15961E-02
   -0.24715E-02    0.12519E-02   -0.26080E-02
   -0.21259E-02    0.13893E-02   -0.22014E-02
   -0.13179E-02    0.14690E-02   -0.83689E-03
   -0.37712E-03    0.14550E-02    0.59717E-03
    0.20877E-03    0.14575E-02    0.17609E-02
    0.40888E-03    0.15625E-02    0.27699E-02
    0.46739E-03    0.16905E-02    0.36216E-02
    0.47510E-03    0.17284E-02    0.42107E-02
    0.48797E-03    0.17029E-02    0.46518E-02
    0.74499E-03    0.17197E-02    0.51001E-02
    0.13403E-02    0.18118E-02    0.53475E-02
    0.19233E-02    0.19327E-02    0.49795E-02
    0.21579E-02    0.20189E-02    0.39019E-02
    0.22659E-02    0.19923E-02    0.24350E-02
    0.26298E-02    0.18039E-02    0.93811E-03
    0.30227E-02    0.15529E-02   -0.39090E-03
    0.28115E-02    0.14479E-02   -0.13743E-02
    0.19167E-02    0.15605E-02   -0.18258E-02
    0.10082E-02    0.17454E-02   -0.17976E-02
    0.62887E-03    0.18969E-02   -0.17038E-02
    0.62564E-03    0.21046E-02   -0.20090E-02
    0.65400E-03    0.23902E-02   -0.27313E-02
    0.77822E-03    0.24805E-02   -0.33238E-02
    0.12320E-02    0.21300E-02   -0.32076E-02
    0.19080E-02    0.15797E-02   -0.24554E-02
    0.24787E-02    0.13720E-02   -0.17359E-02
    0.28745E-02    0.16846E-02   -0.14682E-02
    0.33176E-02    0.21301E-02   -0.13471E-02
    0.39395E-02    0.22834E-02   -0.98564E-03
    0.46156E-02    0.21332E-02   -0.64317E-03
    0.51563E-02    0.18863E-02   -0.74817E-03
    0.54746E-02    0.15904E-02   -0.96093E-03
    0.55721E-02    0.11893E-02   -0.50259E-03
    0.55006E-02    0.79942E-03    0.58992E-03
    0.53425E-02    0.66516E-03    0.13711E-02
    0.51431E-02    0.85992E-03    0.13418E-02
    0.48715E-02    0.12172E-02    0.10876E-02
    0.44829E-02    0.15534E-02    0.12480E-02
    0.39700E-02    0.18063E-02    0.16730E-02
    0.33461E-02    0.19534E-02    0.20783E-02
    0.26795E-02    0.19680E-02    0.26882E-02
    0.21565E-02    0.19233E-02    0.35119E-02
    0.19437E-02    0.20117E-02    0.37380E-02
    0.19359E-02    0.23340E-02    0.27955E-02
    0.18334E-02    0.27107E-02    0.14757E-02
    0.15692E-02    0.28148E-02    0.96385E-03
    0.14466E-02    0.25186E-02    0.11222E-02
    0.16904E-02    0.20430E-02    0.85925E-03
    0.20725E-02    0.17088E-02    0.44134E-05
    0.22199E-02    0.15877E-02   -0.42758E-03
    0.21192E-02    0.14843E-02    0.46614E-04
    0.20126E-02    0.12514E-02    0.61274E-03
    0.19051E-02    0.98251E-03    0.51925E-03
    0.15367E-02    0.82306E-03    0.14491E-03
    0.85877E-03    0.73244E-03    0.74634E-04
    0.20670E-03    0.59946E-03   -0.23748E-04
   -0.98350E-04    0.50543E-03   -0.76042E-03
   -0.50875E-04    0.64295E-03   -0.18124E-02
    0.23400E-03    0.98316E-03   -0.22398E-02
    0.73217E-03    0.12823E-02   -0.17942E-02
    0.13382E-02    0.14932E-02   -0.11517E-02
    0.17155E-02    0.18999E-02   -0.87330E-03
    0.15943E-02    0.26530E-02   -0.77262E-03
    0.11201E-02    0.33782E-02   -0.43765E-03
    0.67220E-03    0.35212E-02    0.99094E-04
    0.39030E-03    0.30022E-02    0.43929E-03
    0.11504E-03    0.22863E-02    0.29730E-03
   -0.21841E-03    0.18297E-02   -0.30448E-03
   -0.39819E-03    0.16778E-02   -0.11943E-02
   -0.26898E-03    0.16120E-02   -0.22505E-02
   -0.65789E-04    0.14719E-02   -0.34383E-02
   -0.21785E-03    0.12457E-02   -0.46692E-02
   -0.85751E-03    0.98308E-03   -0.56449E-02
   -0.16783E-02    0.70798E-03   -0.59390E-02
   -0.23012E-02    0.37789E-03   -0.53397E-02
   -0.26504E-02   -0.63331E-04   -0.40976E-02
   -0.28910E-02   -0.53448E-03   -0.27764E-02
   -0.31089E-02   -0.79715E-03   -0.18670E-02
   -0.32214E-02   -0.72633E-03   -0.15492E-02
   -0.31902E-02   -0.54596E-03   -0.17211E-02
   -0.31238E-02   -0.62006E-03   -0.21308E-02
   -0.30643E-02   -0.10264E-02   -0.24737E-02
   -0.28354E-02   -0.15002E-02   -0.24851E-02
   -0.22906E-02   -0.17708E-02   -0.20689E-02
   -0.16196E-02   -0.17669E-02   -0.13827E-02
   -0.11744E-02   -0.15378E-02   -0.74458E-03
   -0.10058E-02   -0.12284E-02   -0.39503E-03
   -0.81546E-03   -0.11378E-02   -0.36199E-03
   -0.39707E-03   -0.14987E-02   -0.55951E-03
    0.14541E-03   -0.20981E-02   -0.89026E-03
    0.71958E-03   -0.23879E-02   -0.11576E-02
    0.14695E-02   -0.21263E-02   -0.10745E-02
    0.24288E-02   -0.16888E-02   -0.64190E-03
    0.31928E-02   -0.15904E-02   -0.39527E-03
    0.33046E-02   -0.19057E-02   -0.86202E-03
    0.28800E-02   -0.23276E-02   -0.17441E-02
    0.24969E-02   -0.25952E-02   -0.20913E-02
    0.24759E-02   -0.26532E-02   -0.14510E-02
    0.26162E-02   -0.25499E-02   -0.42140E-03
    0.26869E-02   -0.24021E-02    0.17641E-03
    0.27940E-02   -0.23733E-02    0.26377E-03
    0.30834E-02   -0.25165E-02    0.32372E-03
    0.33874E-02   -0.27150E-02    0.65206E-03
    0.34330E-02   -0.28646E-02    0.11952E-02
    0.32097E-02   -0.29623E-02    0.18095E-02
    0.28837E-02   -0.29449E-02    0.22532E-02
    0.24822E-02   -0.26951E-02    0.22196E-02
    0.19050E-02   -0.23521E-02    0.18154E-02
    0.11661E-02   -0.23121E-02    0.16801E-02
    0.41977E-03   -0.26798E-02    0.21183E-02
   -0.18118E-03   -0.30233E-02    0.24531E-02
   -0.49859E-03   -0.29844E-02    0.18723E-02
   -0.41590E-03   -0.28236E-02    0.62980E-03
   -0.40949E-04   -0.29476E-02   -0.32155E-03
    0.24143E-03   -0.31896E-02   -0.64963E-03
    0.18685E-03   -0.31062E-02   -0.74486E-03
    0.39857E-04   -0.27875E-02   -0.66012E-03
    0.14759E-03   -0.27095E-02    0.98098E-05
    0.33282E-03   -0.28247E-02    0.10616E-02
    0.74986E-04   -0.25264E-02    0.15371E-02
   -0.68078E-03   -0.16871E-02    0.10567E-02
   -0.13714E-02   -0.10636E-02    0.44932E-03
   -0.16327E-02   -0.13171E-02    0.54443E-03
   -0.18328E-02   -0.21499E-02    0.10520E-02
   -0.24929E-02   -0.28141E-02    0.11941E-02
   -0.35032E-02   -0.30522E-02    0.83604E-03
   -0.42895E-02   -0.30793E-02    0.39697E-03
   -0.45671E-02   -0.29823E-02    0.13061E-03
   -0.45606E-02   -0.26836E-02    0.63079E-04
   -0.45621E-02   -0.23421E-02    0.22432E-03
   -0.46129E-02   -0.22716E-02    0.44152E-03
   -0.46281E-02   -0.24665E-02    0.35450E-03
   -0.45723E-02   -0.26038E-02    0.13013E-03
   -0.44604E-02   -0.25567E-02    0.61700E-03
   -0.43379E-02   -0.25795E-02    0.21517E-02
   -0.42585E-02   -0.29122E-02    0.37325E-02
   -0.41639E-02   -0.34464E-02    0.41752E-02
   -0.38644E-02   -0.38656E-02    0.36958E-02
   -0.32988E-02   -0.39509E-02    0.34598E-02
   -0.27177E-02   -0.37174E-02    0.38239E-02
   -0.24060E-02   -0.34173E-02    0.39871E-02
   -0.22934E-02   -0.34450E-02    0.33327E-02
   -0.20705E-02   -0.40785E-02    0.21757E-02
   -0.16426E-02   -0.52195E-02    0.10315E-02
   -0.12288E-02   -0.64416E-02   -0.49519E-04
   -0.10269E-02   -0.73190E-02   -0.11642E-02
   -0.10144E-02   -0.76887E-02   -0.22053E-02
   -0.10836E-02   -0.76578E-02   -0.30488E-02
   -0.11622E-02   -0.74466E-02   -0.35682E-02
   -0.12145E-02   -0.71966E-02   -0.33798E-02
   -0.13407E-02   -0.68651E-02   -0.22078E-02
   -0.18121E-02   -0.63416E-02   -0.63373E-03
   -0.27005E-02   -0.56848E-02    0.22892E-03
   -0.35043E-02   -0.51216E-02    0.72750E-04
   -0.35375E-02   -0.47336E-02   -0.23745E-03
   -0.27876E-02   -0.42936E-02    0.90390E-04
   -0.20159E-02   -0.35651E-02    0.86305E-03
   -0.18402E-02   -0.26527E-02    0.15938E-02
   -0.20706E-02   -0.18753E-02    0.23322E-02
   -0.21711E-02   -0.13668E-02    0.31961E-02
   -0.20277E-02   -0.98838E-03    0.37306E-02
   -0.19191E-02   -0.58760E-03    0.35213E-02
   -0.19834E-02   -0.13833E-03    0.30078E-02
   -0.21179E-02    0.37568E-03    0.28679E-02
   -0.22944E-02    0.10151E-02    0.28807E-02
   -0.26080E-02    0.17658E-02    0.22723E-02
   -0.30204E-02    0.25107E-02    0.10916E-02
   -0.33100E-02    0.31822E-02    0.36730E-03
   -0.32740E-02    0.38337E-02    0.76546E-03
   -0.28271E-02    0.45021E-02    0.18149E-02
   -0.20191E-02    0.50972E-02    0.26835E-02
   -0.11648E-02    0.55051E-02    0.30763E-02
   -0.78370E-03    0.57467E-02    0.30481E-02
   -0.10740E-02    0.59676E-02    0.25024E-02
   -0.15310E-02    0.62888E-02    0.13772E-02
   -0.14544E-02    0.67024E-02    0.28358E-04
   -0.81684E-03    0.70962E-02   -0.10181E-02
   -0.24865E-03    0.73389E-02   -0.15868E-02
   -0.11409E-03    0.73276E-02   -0.18592E-02
   -0.13056E-04    0.70055E-02   -0.20068E-02
    0.61551E-03    0.64325E-02   -0.20916E-02
    0.17332E-02    0.58773E-02   -0.22358E-02
    0.28158E-02    0.57212E-02   -0.26120E-02
    0.35060E-02    0.61077E-02   -0.32394E-02
    0.38581E-02    0.67141E-02   -0.39352E-02
    0.40392E-02    0.70392E-02   -0.44691E-02
    0.40653E-02    0.69482E-02   -0.46876E-02
    0.38527E-02    0.67792E-02   -0.45478E-02
    0.33591E-02    0.68848E-02   -0.41696E-02
    0.26275E-02    0.72582E-02   -0.38566E-02
    0.17807E-02    0.76839E-02   -0.39345E-02
    0.10050E-02    0.80377E-02   -0.44406E-02
    0.50319E-03    0.82820E-02   -0.49495E-02
    0.42648E-03    0.83462E-02   -0.48167E-02
    0.78811E-03    0.82183E-02   -0.37863E-02
    0.13691E-02    0.80332E-02   -0.23965E-02
    0.17553E-02    0.78665E-02   -0.15744E-02
    0.16114E-02    0.75447E-02   -0.16806E-02
    0.96006E-03    0.68839E-02   -0.21364E-02
    0.10631E-03    0.60483E-02   -0.21991E-02
   -0.70189E-03    0.54305E-02   -0.18849E-02
   -0.14105E-02    0.51988E-02   -0.17662E-02
   -0.19752E-02    0.51965E-02   -0.19920E-02
   -0.22515E-02    0.52854E-02   -0.20163E-02
   -0.21697E-02    0.55293E-02   -0.14038E-02
   -0.18726E-02    0.59581E-02   -0.48276E-03
   -0.15627E-02    0.63761E-02    0.21736E-04
   -0.13049E-02    0.65487E-02   -0.27655E-03
   -0.10618E-02    0.64547E-02   -0.12372E-02
   -0.82211E-03    0.62485E-02   -0.24466E-02
   -0.60016E-03    0.60701E-02   -0.34202E-02
   -0.38014E-03    0.59630E-02   -0.37885E-02
   -0.13631E-03    0.58593E-02   -0.35589E-02
    0.15275E-03    0.55558E-02   -0.30735E-02
    0.53070E-03    0.48366E-02   -0.25421E-02
    0.98885E-03    0.37508E-02   -0.17991E-02
    0.13430E-02    0.26702E-02   -0.69001E-03
    0.13658E-02    0.19147E-02    0.56573E-03
    0.11412E-02    0.13949E-02    0.16859E-02
    0.11166E-02    0.81457E-03    0.27710E-02
    0.16476E-02    0.18473E-03    0.40509E-02
    0.25953E-02   -0.11685E-03    0.53089E-02
    0.35126E-02    0.11521E-03    0.60066E-02
    0.41257E-02    0.54180E-03    0.60336E-02
    0.44868E-02    0.64184E-03    0.59457E-02
    0.47554E-02    0.31111E-03    0.62876E-02
    0.50126E-02   -0.13917E-03    0.69350E-02
    0.52517E-02   -0.50816E-03    0.72884E-02
    0.53949E-02   -0.91979E-03    0.69412E-02
    0.53296E-02   -0.14557E-02    0.59830E-02
    0.50369E-02   -0.18992E-02    0.47995E-02
    0.46665E-02   -0.20699E-02    0.38007E-02
    0.44027E-02   -0.21861E-02    0.32754E-02
    0.42964E-02   -0.25720E-02    0.32293E-02
    0.42766E-02   -0.30933E-02    0.32603E-02
    0.42317E-02   -0.32248E-02    0.27808E-02
    0.40127E-02   -0.27385E-02    0.15647E-02
    0.35107E-02   -0.20564E-02    0.32554E-04
    0.28704E-02   -0.17976E-02   -0.11615E-02
    0.24790E-02   -0.21523E-02   -0.17901E-02
    0.25495E-02   -0.28094E-02   -0.21090E-02
    0.28228E-02   -0.33384E-02   -0.22870E-02
    0.28908E-02   -0.35002E-02   -0.21172E-02
    0.27177E-02   -0.33111E-02   -0.14653E-02
    0.25971E-02   -0.29964E-02   -0.69260E-03
    0.26526E-02   -0.28735E-02   -0.29859E-03
    0.26703E-02   -0.31469E-02   -0.30933E-03
    0.24491E-02   -0.37456E-02   -0.37166E-03
    0.20719E-02   -0.43581E-02   -0.33763E-03
    0.17640E-02   -0.46488E-02   -0.36095E-03
    0.16808E-02   -0.45107E-02   -0.46400E-03
    0.18785E-02   -0.41631E-02   -0.44890E-03
    0.22956E-02   -0.39552E-02   -0.29736E-03
    0.27061E-02   -0.40131E-02   -0.24059E-03
    0.28885E-02   -0.41654E-02   -0.28894E-03
    0.29028E-02   -0.42970E-02   -0.56060E-04
    0.29931E-02   -0.46114E-02    0.74316E-03
    0.31439E-02   -0.53171E-02    0.18691E-02
    0.29838E-02   -0.61560E-02    0.27864E-02
    0.22956E-02   -0.65567E-02    0.31233E-02
    0.14094E-02   -0.62769E-02    0.28553E-02
    0.85706E-03   -0.56359E-02    0.22864E-02
    0.75179E-03   -0.50881E-02    0.18732E-02
    0.74666E-03   -0.48512E-02    0.17751E-02
    0.54964E-03   -0.49861E-02    0.15826E-02
    0.23369E-03   -0.54714E-02    0.84611E-03
   -0.73006E-05   -0.60157E-02   -0.16643E-03
   -0.21564E-03   -0.61150E-02   -0.70756E-03
   -0.64754E-03   -0.55650E-02   -0.53426E-03
   -0.14432E-02   -0.47319E-02   -0.88755E-04
   -0.24081E-02   -0.41164E-02    0.32028E-03
   -0.31460E-02   -0.38511E-02    0.78603E-03
   -0.34003E-02   -0.38106E-02    0.10887E-02
   -0.32636E-02   -0.39377E-02    0.56187E-03
   -0.30613E-02   -0.41509E-02   -0.89954E-03
   -0.30530E-02   -0.41546E-02   -0.24600E-02
   -0.32403E-02   -0.37507E-02   -0.35087E-02
   -0.34041E-02   -0.32537E-02   -0.44632E-02
   -0.32785E-02   -0.32097E-02   -0.57429E-02
   -0.27616E-02   -0.37055E-02   -0.66758E-02
   -0.20536E-02   -0.43028E-02   -0.63551E-02
   -0.15373E-02   -0.46895E-02   -0.50851E-02
   -0.13916E-02   -0.50305E-02   -0.39907E-02
   -0.13386E-02   -0.55333E-02   -0.34938E-02
   -0.91825E-03   -0.59901E-02   -0.31251E-02
   -0.16479E-04   -0.60296E-02   -0.26341E-02
    0.10247E-02   -0.56639E-02   -0.22846E-02
    0.18259E-02   -0.52916E-02   -0.20746E-02
    0.22968E-02   -0.51585E-02   -0.15897E-02
    0.24870E-02   -0.50497E-02   -0.76250E-03
    0.23508E-02   -0.46317E-02   -0.33689E-04
    0.18599E-02   -0.39714E-02    0.34031E-03
    0.12160E-02   -0.35157E-02    0.48943E-03
    0.71099E-03   -0.35261E-02    0.42172E-03
    0.39019E-03   -0.36925E-02    0.23994E-05
    0.30261E-04   -0.34463E-02   -0.52538E-03
   -0.52539E-03   -0.25717E-02   -0.69037E-03
   -0.11455E-02   -0.13399E-02   -0.51815E-03
   -0.15731E-02   -0.90076E-04   -0.43862E-03
   -0.17200E-02    0.10919E-02   -0.44995E-03
   -0.17490E-02    0.22326E-02   -0.99126E-04
   -0.19050E-02    0.32463E-02    0.65076E-03
   -0.23141E-02    0.40038E-02    0.12852E-02
   -0.29446E-02    0.44921E-02    0.15572E-02
   -0.37415E-02    0.47714E-02    0.16818E-02
   -0.47379E-02    0.48703E-02    0.16459E-02
   -0.59659E-02    0.48430E-02    0.12027E-02
   -0.72784E-02    0.48269E-02    0.72235E-03
   -0.83795E-02    0.48958E-02    0.10676E-02
   -0.90775E-02    0.48966E-02    0.22204E-02
   -0.94070E-02    0.45503E-02    0.29375E-02
   -0.94452E-02    0.37277E-02    0.23255E-02
   -0.91314E-02    0.26017E-02    0.10034E-02
   -0.83899E-02    0.15592E-02    0.11362E-03
   -0.73386E-02    0.94579E-03   -0.11485E-03
   -0.62250E-02    0.80287E-03   -0.13373E-03
   -0.52041E-02    0.85414E-03   -0.16409E-04
   -0.43376E-02    0.83643E-03    0.54546E-03
   -0.37605E-02    0.79371E-03    0.15089E-02
   -0.36217E-02    0.89925E-03    0.24615E-02
   -0.38113E-02    0.10738E-02    0.31774E-02
   -0.39672E-02    0.10528E-02    0.36389E-02
   -0.38896E-02    0.82927E-03    0.36445E-02
   -0.37928E-02    0.71259E-03    0.28953E-02
   -0.39704E-02    0.86899E-03    0.14488E-02
   -0.43368E-02    0.11191E-02   -0.22352E-03
   -0.45373E-02    0.13244E-02   -0.15846E-02
   -0.44545E-02    0.16415E-02   -0.23125E-02
   -0.43111E-02    0.21680E-02   -0.24499E-02
   -0.42117E-02    0.26327E-02   -0.24061E-02
   -0.38973E-02    0.27290E-02   -0.25516E-02
   -0.31719E-02    0.25418E-02   -0.27348E-02
   -0.23349E-02    0.23395E-02   -0.25599E-02
   -0.18473E-02    0.21209E-02   -0.21688E-02
   -0.16651E-02    0.16972E-02   -0.21849E-02
   -0.12877E-02    0.11156E-02   -0.27189E-02
   -0.49863E-03    0.66354E-03   -0.30868E-02
    0.33767E-03    0.46278E-03   -0.28409E-02
    0.88836E-03    0.33402E-03   -0.24311E-02
    0.13869E-02    0.10292E-03   -0.23637E-02
    0.22197E-02   -0.15308E-03   -0.23002E-02
    0.32343E-02   -0.21786E-03   -0.16153E-02
    0.39019E-02   -0.23170E-05   -0.41663E-03
    0.40885E-02    0.30966E-03    0.62272E-03
    0.42189E-02    0.36249E-03    0.11351E-02
    0.46102E-02   -0.24078E-04    0.11743E-02
    0.50604E-02   -0.57368E-03    0.75131E-03
    0.52849E-02   -0.78085E-03   -0.10773E-03
    0.54113E-02   -0.48641E-03   -0.98891E-03
    0.57354E-02   -0.25031E-04   -0.13523E-02
    0.62022E-02    0.29620E-03   -0.11294E-02
    0.64841E-02    0.60966E-03   -0.63671E-03
    0.64952E-02    0.11904E-02    0.24178E-04
    0.64916E-02    0.19725E-02    0.10707E-02
    0.66217E-02    0.26045E-02    0.25634E-02
    0.66621E-02    0.28456E-02    0.41224E-02
    0.63429E-02    0.27283E-02    0.51097E-02
    0.57575E-02    0.24904E-02    0.50062E-02
    0.52710E-02    0.25059E-02    0.38490E-02
    0.50989E-02    0.30567E-02    0.24492E-02
    0.51250E-02    0.39528E-02    0.18311E-02
    0.50993E-02    0.45835E-02    0.21936E-02
    0.48545E-02    0.45686E-02    0.27412E-02
    0.43091E-02    0.41584E-02    0.27665E-02
    0.34354E-02    0.37956E-02    0.24667E-02
    0.23645E-02    0.35792E-02    0.23596E-02
    0.14323E-02    0.34401E-02    0.23766E-02
    0.92953E-03    0.34961E-02    0.20573E-02
    0.78194E-03    0.37868E-02    0.12976E-02
    0.61933E-03    0.38990E-02    0.35877E-03
    0.19997E-03    0.33756E-02   -0.63651E-03
   -0.36511E-03    0.23888E-02   -0.17056E-02
   -0.85309E-03    0.15368E-02   -0.26642E-02
   -0.12140E-02    0.10479E-02   -0.32307E-02
   -0.14928E-02    0.66450E-03   -0.33770E-02
   -0.16378E-02    0.27922E-03   -0.32698E-02
   -0.15924E-02    0.16277E-03   -0.30257E-02
   -0.14793E-02    0.45852E-03   -0.27409E-02
   -0.14557E-02    0.89920E-03   -0.24729E-02
   -0.14180E-02    0.11978E-02   -0.19820E-02
   -0.10829E-02    0.13761E-02   -0.91660E-03
   -0.38663E-03    0.15314E-02    0.47578E-03
    0.40336E-03    0.15619E-02    0.13684E-02
    0.10247E-02    0.13220E-02    0.14685E-02
    0.14723E-02    0.88099E-03    0.14734E-02
    0.18448E-02    0.48662E-03    0.18684E-02
    0.21310E-02    0.36293E-03    0.19703E-02
    0.22747E-02    0.57439E-03    0.99831E-03
    0.23146E-02    0.98004E-03   -0.47430E-03
    0.23128E-02    0.13331E-02   -0.11744E-02
    0.22132E-02    0.15302E-02   -0.90287E-03
    0.18890E-02    0.16918E-02   -0.57965E-03
    0.13060E-02    0.18954E-02   -0.66952E-03
    0.57405E-03    0.20033E-02   -0.67514E-03
   -0.13701E-03    0.19495E-02   -0.26728E-03
   -0.69296E-03    0.19914E-02    0.14980E-03
   -0.10332E-02    0.23689E-02    0.29716E-03
   -0.11465E-02    0.28708E-02    0.54709E-03
   -0.10347E-02    0.30889E-02    0.11873E-02
   -0.76083E-03    0.29869E-02    0.18675E-02
   -0.53905E-03    0.28530E-02    0.21861E-02
   -0.62110E-03    0.27912E-02    0.22483E-02
   -0.98348E-03    0.26647E-02    0.22714E-02
   -0.12833E-02    0.24818E-02    0.21605E-02
   -0.13056E-02    0.23997E-02    0.18603E-02
   -0.12913E-02    0.23529E-02    0.16672E-02
   -0.15559E-02    0.21135E-02    0.17714E-02
   -0.19363E-02    0.17620E-02    0.18233E-02
   -0.20085E-02    0.16649E-02    0.13274E-02
   -0.17809E-02    0.19057E-02    0.24671E-03
   -0.16933E-02    0.21598E-02   -0.10331E-02
   -0.18626E-02    0.22469E-02   -0.20985E-02
   -0.18474E-02    0.23854E-02   -0.26615E-02
   -0.13812E-02    0.27275E-02   -0.26009E-02
   -0.86273E-03    0.30307E-02   -0.21126E-02
   -0.76490E-03    0.30215E-02   -0.16320E-02
   -0.94073E-03    0.27700E-02   -0.13911E-02
   -0.94464E-03    0.24631E-02   -0.11852E-02
   -0.75757E-03    0.20703E-02   -0.71654E-03
   -0.71992E-03    0.14833E-02   -0.24493E-04
   -0.92974E-03    0.80722E-03    0.54569E-03
   -0.12016E-02    0.28908E-03    0.68946E-03
   -0.15433E-02    0.64581E-04    0.38800E-03
   -0.21821E-02    0.10095E-03   -0.99778E-04
   -0.30670E-02    0.26387E-03   -0.48359E-03
   -0.37461E-02    0.34795E-03   -0.75859E-03
   -0.38541E-02    0.17198E-03   -0.11808E-02
   -0.34560E-02   -0.28655E-03   -0.17983E-02
   -0.28580E-02   -0.96134E-03   -0.21920E-02
   -0.23248E-02   -0.18748E-02   -0.19389E-02
   -0.19924E-02   -0.30377E-02   -0.11790E-02
   -0.17909E-02   -0.41828E-02   -0.40966E-03
   -0.14409E-02   -0.48872E-02    0.13476E-03
   -0.78845E-03   -0.50524E-02    0.53190E-03
   -0.12562E-03   -0.50231E-02    0.72925E-03
    0.12780E-03   -0.51103E-02    0.51555E-03
    0.37866E-04   -0.51994E-02   -0.62429E-04
    0.74173E-04   -0.49726E-02   -0.66182E-03
    0.38655E-03   -0.43759E-02   -0.10698E-02
    0.60632E-03   -0.37275E-02   -0.13347E-02
    0.50854E-03   -0.34101E-02   -0.14742E-02
    0.42509E-03   -0.35034E-02   -0.14113E-02
    0.72963E-03   -0.37023E-02   -0.12219E-02
    0.12809E-02   -0.36543E-02   -0.11014E-02
    0.17093E-02   -0.34013E-02   -0.10596E-02
    0.19613E-02   -0.33261E-02   -0.95466E-03
    0.21911E-02   -0.35802E-02   -0.78912E-03
    0.23519E-02   -0.38362E-02   -0.63700E-03
    0.23226E-02   -0.38288E-02   -0.37549E-03
    0.23015E-02   -0.38389E-02    0.68326E-04
    0.26241E-02   -0.42679E-02    0.28479E-03
    0.31957E-02   -0.49673E-02   -0.23540E-03
    0.34995E-02   -0.54493E-02   -0.12312E-02
    0.32451E-02   -0.56014E-02   -0.17772E-02
    0.26902E-02   -0.56949E-02   -0.14626E-02
    0.22229E-02   -0.58041E-02   -0.93650E-03
    0.19041E-02   -0.57831E-02   -0.97288E-03
    0.15681E-02   -0.57894E-02   -0.14302E-02
    0.11554E-02   -0.62277E-02   -0.15380E-02
    0.77189E-03   -0.70824E-02   -0.94633E-03
    0.53484E-03   -0.78508E-02   -0.92228E-04
    0.47499E-03   -0.82754E-02    0.39110E-03
    0.49771E-03   -0.86278E-02    0.34414E-03
    0.38814E-03   -0.91066E-02    0.12947E-03
    0.15630E-06   -0.94610E-02    0.12070E-03
   -0.48759E-03   -0.94308E-02    0.21864E-03
   -0.67379E-03   -0.91126E-02    0.48583E-05
   -0.41708E-03   -0.86661E-02   -0.57236E-03
   -0.66689E-04   -0.80649E-02   -0.94246E-03
   -0.49021E-04   -0.73343E-02   -0.62333E-03
   -0.34220E-03   -0.66200E-02    0.51479E-04
   -0.55106E-03   -0.58294E-02    0.34424E-03
   -0.41034E-03   -0.46432E-02    0.12281E-03
    0.33620E-04   -0.30951E-02   -0.12096E-05
    0.72366E-03   -0.16923E-02    0.52243E-03
    0.17755E-02   -0.71940E-03    0.16944E-02
    0.32013E-02    0.11935E-03    0.32033E-02
    0.46201E-02    0.10883E-02    0.46170E-02
    0.54633E-02    0.19157E-02    0.53624E-02
    0.54641E-02    0.22403E-02    0.51027E-02
    0.48398E-02    0.21527E-02    0.42138E-02
    0.40261E-02    0.19495E-02    0.33544E-02
    0.33445E-02    0.17385E-02    0.25402E-02
    0.29007E-02    0.16254E-02    0.12867E-02
    0.26278E-02    0.18683E-02   -0.26567E-03
    0.23367E-02    0.24339E-02   -0.11751E-02
    0.18312E-02    0.27902E-02   -0.94454E-03
    0.11105E-02    0.25980E-02   -0.19378E-03
    0.43833E-03    0.22709E-02    0.35479E-03
    0.10587E-03    0.23679E-02    0.87911E-03
    0.11122E-03    0.27536E-02    0.18807E-02
    0.15232E-03    0.29112E-02    0.31882E-02
   -0.37325E-04    0.28479E-02    0.42047E-02
   -0.41456E-03    0.30852E-02    0.47320E-02
   -0.71563E-03    0.38418E-02    0.48809E-02
   -0.74284E-03    0.47724E-02    0.44951E-02
   -0.50769E-03    0.55070E-02    0.33544E-02
   -0.16174E-03    0.59664E-02    0.17563E-02
    0.11573E-03    0.61043E-02    0.26322E-03
    0.19016E-03    0.57804E-02   -0.97590E-03
    0.44805E-04    0.50304E-02   -0.20553E-02
   -0.18824E-03    0.41537E-02   -0.26480E-02
   -0.33828E-03    0.33874E-02   -0.22411E-02
   -0.36722E-03    0.26694E-02   -0.10640E-02
   -0.38862E-03    0.18022E-02   -0.11474E-03
   -0.51304E-03    0.72824E-03   -0.80057E-04
   -0.73492E-03   -0.38039E-03   -0.69193E-03
   -0.97288E-03   -0.12205E-02   -0.12597E-02
   -0.11378E-02   -0.15621E-02   -0.13728E-02
   -0.11500E-02   -0.14109E-02   -0.97791E-03
   -0.10059E-02   -0.93203E-03   -0.29264E-03
   -0.88095E-03   -0.23451E-03    0.11747E-03
   -0.10407E-02    0.62829E-03   -0.36039E-03
   -0.15440E-02    0.14901E-02   -0.16531E-02
   -0.21334E-02    0.21641E-02   -0.28426E-02
   -0.25478E-02    0.27173E-02   -0.30352E-02
   -0.28509E-02    0.33515E-02   -0.22146E-02
   -0.32706E-02    0.39808E-02   -0.10664E-02
   -0.37688E-02    0.42954E-02   -0.23478E-03
   -0.40042E-02    0.43096E-02    0.13827E-04
   -0.37599E-02    0.44054E-02   -0.30709E-03
   -0.32065E-02    0.46834E-02   -0.94846E-03
   -0.26517E-02    0.47536E-02   -0.14870E-02
   -0.22019E-02    0.43861E-02   -0.16762E-02
   -0.17968E-02    0.38590E-02   -0.17106E-02
   -0.14426E-02    0.33711E-02   -0.19218E-02
   -0.12522E-02    0.26561E-02   -0.23047E-02
   -0.13120E-02    0.15944E-02   -0.25953E-02
   -0.16231E-02    0.68044E-03   -0.26997E-02
   -0.21191E-02    0.35279E-03   -0.26896E-02
   -0.26464E-02    0.31115E-03   -0.24205E-02
   -0.29963E-02    0.68548E-04   -0.16044E-02
   -0.30831E-02   -0.24187E-03   -0.38454E-03
   -0.30656E-02   -0.24936E-03    0.60556E-03
   -0.32016E-02   -0.13296E-03    0.10602E-02
   -0.36068E-02   -0.27143E-03    0.15438E-02
   -0.42075E-02   -0.40253E-03    0.27904E-02
   -0.48495E-02    0.35272E-04    0.46314E-02
   -0.53573E-02    0.87402E-03    0.60726E-02
   -0.55714E-02    0.13756E-02    0.64011E-02
   -0.54644E-02    0.13924E-02    0.57782E-02
   -0.51825E-02    0.15333E-02    0.46939E-02
   -0.48567E-02    0.20772E-02    0.33250E-02
   -0.44170E-02    0.25324E-02    0.16797E-02
   -0.37138E-02    0.25138E-02    0.41753E-05
   -0.27676E-02    0.23363E-02   -0.13079E-02
   -0.17501E-02    0.23911E-02   -0.20173E-02
   -0.75503E-03    0.25108E-02   -0.20004E-02
    0.23797E-03    0.23231E-02   -0.11722E-02
    0.11693E-02    0.17948E-02    0.17265E-03
    0.18350E-02    0.11006E-02    0.11385E-02
    0.20573E-02    0.33662E-03    0.88575E-03
    0.18076E-02   -0.35430E-03   -0.39552E-03
    0.11644E-02   -0.72634E-03   -0.15469E-02
    0.29428E-03   -0.76781E-03   -0.16425E-02
   -0.52080E-03   -0.78512E-03   -0.89244E-03
   -0.10158E-02   -0.93190E-03   -0.24169E-03
   -0.11694E-02   -0.96827E-03   -0.34233E-03
   -0.11763E-02   -0.68579E-03   -0.11231E-02
   -0.11740E-02   -0.23387E-03   -0.21557E-02
   -0.11655E-02    0.19555E-03   -0.31110E-02
   -0.12536E-02    0.66992E-03   -0.38299E-02
   -0.17027E-02    0.12458E-02   -0.41754E-02
   -0.25817E-02    0.16909E-02   -0.40117E-02
   -0.34978E-02    0.17468E-02   -0.33756E-02
   -0.39198E-02    0.14509E-02   -0.26135E-02
   -0.37183E-02    0.10079E-02   -0.22342E-02
   -0.32003E-02    0.58495E-03   -0.25245E-02
   -0.26346E-02    0.39041E-03   -0.33144E-02
   -0.19608E-02    0.63542E-03   -0.41750E-02
   -0.10279E-02    0.11928E-02   -0.48237E-02
    0.76074E-04    0.15919E-02   -0.52746E-02
    0.11023E-02    0.16021E-02   -0.56364E-02
    0.19758E-02    0.15504E-02   -0.58949E-02
    0.28667E-02    0.18167E-02   -0.59443E-02
    0.38829E-02    0.23174E-02   -0.57539E-02
    0.48272E-02    0.27811E-02   -0.53948E-02
    0.53855E-02    0.32358E-02   -0.48603E-02
    0.55152E-02    0.38397E-02   -0.39226E-02
    0.55127E-02    0.44429E-02   -0.23207E-02
    0.56717E-02    0.47218E-02   -0.17598E-03
    0.59828E-02    0.46344E-02    0.19120E-02
    0.62166E-02    0.43901E-02    0.33561E-02
    0.61916E-02    0.40668E-02    0.40907E-02
    0.58697E-02    0.35972E-02    0.44054E-02
    0.52970E-02    0.30656E-02    0.44204E-02
    0.46030E-02    0.26755E-02    0.40873E-02
    0.40214E-02    0.24436E-02    0.36415E-02
    0.37517E-02    0.22256E-02    0.35240E-02
    0.37708E-02    0.20271E-02    0.37034E-02
    0.38732E-02    0.19817E-02    0.35971E-02
    0.39004E-02    0.20104E-02    0.29574E-02
    0.38383E-02    0.18158E-02    0.23205E-02
    0.37049E-02    0.13056E-02    0.21376E-02
    0.34797E-02    0.77474E-03    0.19649E-02
    0.31838E-02    0.55259E-03    0.11734E-02
    0.29086E-02    0.63681E-03    0.98144E-04
    0.26901E-02    0.75764E-03   -0.33897E-03
    0.24223E-02    0.65646E-03   -0.65996E-05
    0.19645E-02    0.24813E-03    0.32532E-03
    0.13027E-02   -0.33000E-03    0.32526E-03
    0.57296E-03   -0.75787E-03    0.62735E-03
   -0.46091E-04   -0.76985E-03    0.16449E-02
   -0.44964E-03   -0.44176E-03    0.26588E-02
   -0.66539E-03   -0.13137E-03    0.27324E-02
   -0.81811E-03   -0.76789E-04    0.20286E-02
   -0.10010E-02   -0.19010E-03    0.15110E-02
   -0.11735E-02   -0.31963E-03    0.15882E-02
   -0.12265E-02   -0.53613E-03    0.17281E-02
   -0.11559E-02   -0.98071E-03    0.13794E-02
   -0.11135E-02   -0.15350E-02    0.71226E-03
   -0.12357E-02   -0.18719E-02    0.33163E-03
   -0.14308E-02   -0.18448E-02    0.63983E-03
   -0.13855E-02   -0.16355E-02    0.16003E-02
   -0.85150E-03   -0.14543E-02    0.28342E-02
    0.54709E-04   -0.12673E-02    0.38106E-02
    0.91467E-03   -0.95576E-03    0.41495E-02
    0.14572E-02   -0.61217E-03    0.38847E-02
    0.18718E-02   -0.47514E-03    0.33368E-02
    0.25149E-02   -0.61562E-03    0.26938E-02
    0.33431E-02   -0.90908E-03    0.18501E-02
    0.38852E-02   -0.13372E-02    0.69756E-03
    0.38561E-02   -0.20660E-02   -0.58586E-03
    0.35574E-02   -0.31023E-02   -0.16515E-02
    0.35024E-02   -0.41076E-02   -0.23028E-02
    0.38197E-02   -0.47780E-02   -0.25979E-02
    0.42158E-02   -0.52596E-02   -0.26649E-02
    0.43828E-02   -0.59184E-02   -0.25185E-02
    0.42414E-02   -0.67913E-02   -0.20901E-02
    0.38954E-02   -0.75647E-02   -0.13761E-02
    0.35475E-02   -0.80715E-02   -0.49958E-03
    0.33724E-02   -0.84751E-02    0.34213E-03
    0.33128E-02   -0.88952E-02    0.91957E-03
    0.31348E-02   -0.91785E-02    0.10112E-02
    0.28451E-02   -0.91981E-02    0.58585E-03
    0.28229E-02   -0.90988E-02    0.13668E-04
    0.32438E-02   -0.90261E-02   -0.11212E-03
    0.35824E-02   -0.88432E-02    0.42155E-03
    0.31025E-02   -0.83933E-02    0.11442E-02
    0.17594E-02   -0.78805E-02    0.14592E-02
    0.20398E-03   -0.76733E-02    0.14300E-02
   -0.10689E-02   -0.77919E-02    0.16833E-02
   -0.21325E-02   -0.78853E-02    0.25225E-02
   -0.31699E-02   -0.77147E-02    0.35249E-02
   -0.40972E-02   -0.73789E-02    0.41634E-02
   -0.48158E-02   -0.70072E-02    0.44317E-02
   -0.54402E-02   -0.64973E-02    0.45604E-02
   -0.60513E-02   -0.57119E-02    0.44551E-02
   -0.65373E-02   -0.47570E-02    0.38876E-02
   -0.68784E-02   -0.38746E-02    0.30636E-02
   -0.72749E-02   -0.31327E-02    0.24489E-02
   -0.77537E-02   -0.23746E-02    0.20207E-02
   -0.79273E-02   -0.14658E-02    0.12384E-02
   -0.74284E-02   -0.47699E-03   -0.58825E-04
   -0.63894E-02    0.40429E-03   -0.12532E-02
   -0.52465E-02    0.10789E-02   -0.18090E-02
   -0.42549E-02    0.16003E-02   -0.20935E-02
   -0.34457E-02    0.20390E-02   -0.27828E-02
   -0.28787E-02    0.23315E-02   -0.37089E-02
   -0.26322E-02    0.23218E-02   -0.39909E-02
   -0.26273E-02    0.19645E-02   -0.33190E-02
   -0.27127E-02    0.14263E-02   -0.24172E-02
   -0.28748E-02    0.94892E-03   -0.19810E-02
   -0.31624E-02    0.66449E-03   -0.17638E-02
   -0.34613E-02    0.57492E-03   -0.11568E-02
   -0.35464E-02    0.61155E-03   -0.21566E-03
   -0.33399E-02    0.62308E-03    0.46460E-03
   -0.29636E-02    0.41337E-03    0.62849E-03
   -0.25540E-02   -0.35053E-04    0.52259E-03
   -0.21489E-02   -0.41875E-03    0.31106E-03
   -0.17329E-02   -0.38947E-03   -0.86253E-04
   -0.12865E-02    0.14332E-04   -0.58180E-03
   -0.79811E-03    0.39425E-03   -0.89451E-03
   -0.28042E-03    0.47789E-03   -0.10179E-02
    0.24996E-03    0.36907E-03   -0.12509E-02
    0.80573E-03    0.24332E-03   -0.16892E-02
    0.13530E-02    0.45127E-04   -0.21363E-02
    0.17185E-02   -0.31982E-03   -0.25528E-02
    0.17395E-02   -0.68075E-03   -0.30433E-02
    0.15398E-02   -0.76164E-03   -0.32963E-02
    0.14645E-02   -0.57055E-03   -0.26724E-02
    0.16613E-02   -0.36604E-03   -0.11162E-02
    0.19035E-02   -0.22597E-03    0.59670E-03
    0.19274E-02    0.12252E-03    0.18178E-02
    0.17602E-02    0.96428E-03    0.26277E-02
    0.15935E-02    0.22236E-02    0.31309E-02
    0.15002E-02    0.34906E-02    0.28911E-02
    0.14279E-02    0.43424E-02    0.17326E-02
    0.13393E-02    0.46494E-02    0.51147E-03
    0.12284E-02    0.46681E-02    0.22685E-03
    0.11152E-02    0.48041E-02    0.68225E-03
    0.11249E-02    0.51619E-02    0.84823E-03
    0.14343E-02    0.53949E-02    0.34513E-03
    0.20274E-02    0.51890E-02   -0.26972E-03
    0.26418E-02    0.48195E-02   -0.59516E-03
    0.30544E-02    0.49269E-02   -0.90924E-03
    0.32846E-02    0.56933E-02   -0.15084E-02
    0.34403E-02    0.65550E-02   -0.22485E-02
    0.35413E-02    0.68621E-02   -0.28898E-02
    0.35725E-02    0.65414E-02   -0.33024E-02
    0.35065E-02    0.59232E-02   -0.32653E-02
    0.31851E-02    0.52021E-02   -0.27144E-02
    0.24265E-02    0.43719E-02   -0.22755E-02
    0.13728E-02    0.34989E-02   -0.28269E-02
    0.45186E-03    0.27065E-02   -0.43157E-02
   -0.16996E-03    0.19503E-02   -0.56567E-02
   -0.77372E-03    0.11194E-02   -0.60307E-02
   -0.14843E-02    0.36385E-03   -0.56391E-02
   -0.18335E-02    0.65461E-04   -0.49648E-02
   -0.13483E-02    0.45122E-03   -0.40628E-02
   -0.36675E-03    0.14168E-02   -0.29852E-02
    0.21314E-03    0.27150E-02   -0.21641E-02
   -0.41261E-04    0.41083E-02   -0.17919E-02
   -0.72130E-03    0.53448E-02   -0.13894E-02
   -0.12363E-02    0.62254E-02   -0.56307E-03
   -0.14635E-02    0.67678E-02    0.31146E-03
   -0.16310E-02    0.71432E-02    0.72089E-03
   -0.18672E-02    0.74079E-02    0.80809E-03
   -0.20748E-02    0.74326E-02    0.90156E-03
   -0.21233E-02    0.70972E-02    0.76093E-03
   -0.20069E-02    0.64124E-02    0.55036E-04
   -0.18165E-02    0.54750E-02   -0.81266E-03
   -0.15911E-02    0.44864E-02   -0.11938E-02
   -0.12357E-02    0.37820E-02   -0.12134E-02
   -0.68503E-03    0.36000E-02   -0.14251E-02
   -0.15979E-03    0.37918E-02   -0.16866E-02
   -0.61492E-04    0.39804E-02   -0.13815E-02
   -0.48903E-03    0.40330E-02   -0.69836E-03
   -0.10513E-02    0.41413E-02   -0.59160E-03
   -0.13437E-02    0.43908E-02   -0.12505E-02
   -0.14186E-02    0.45337E-02   -0.16322E-02
   -0.15316E-02    0.43223E-02   -0.96529E-03
   -0.16048E-02    0.38352E-02    0.15974E-03
   -0.13183E-02    0.33108E-02    0.78961E-03
   -0.68748E-03    0.28254E-02    0.97175E-03
   -0.16813E-03    0.22794E-02    0.14120E-02
   -0.10870E-03    0.15643E-02    0.22920E-02
   -0.39187E-03    0.64515E-03    0.31812E-02
   -0.72426E-03   -0.35516E-03    0.38265E-02
   -0.10099E-02   -0.10700E-02    0.43456E-02
   -0.12708E-02   -0.11099E-02    0.47995E-02
   -0.14156E-02   -0.52884E-03    0.51459E-02
   -0.13302E-02    0.11107E-03    0.54715E-02
   -0.11207E-02    0.30246E-03    0.57345E-02
   -0.10624E-02    0.46491E-04    0.54317E-02
   -0.12842E-02   -0.39227E-03    0.41241E-02
   -0.16205E-02   -0.93466E-03    0.22513E-02
   -0.18087E-02   -0.16339E-02    0.84064E-03
   -0.17560E-02   -0.23693E-02    0.36204E-03
   -0.15655E-02   -0.29210E-02    0.39113E-03
   -0.13616E-02   -0.32712E-02    0.45148E-03
   -0.11854E-02   -0.35378E-02    0.59891E-03
   -0.10620E-02   -0.36660E-02    0.96645E-03
   -0.10588E-02   -0.34952E-02    0.12655E-02
   -0.11973E-02   -0.31357E-02    0.11097E-02
   -0.13726E-02   -0.29604E-02    0.53326E-03
   -0.14423E-02   -0.31308E-02   -0.97595E-04
   -0.13495E-02   -0.33981E-02   -0.44190E-03
   -0.10935E-02   -0.35226E-02   -0.23251E-03
   -0.67773E-03   -0.36737E-02    0.73812E-03
   -0.18847E-03   -0.41926E-02    0.23418E-02
    0.20012E-03   -0.50491E-02    0.39460E-02
    0.45772E-03   -0.57524E-02    0.47852E-02
    0.78930E-03   -0.58278E-02    0.45052E-02
    0.12665E-02   -0.52634E-02    0.33174E-02
    0.15204E-02   -0.44531E-02    0.17930E-02
    0.11454E-02   -0.38041E-02    0.54911E-03
    0.33699E-03   -0.34807E-02   -0.12422E-03
   -0.26429E-03   -0.34545E-02   -0.44874E-03
   -0.36342E-03   -0.36314E-02   -0.75968E-03
   -0.23156E-03   -0.38638E-02   -0.90740E-03
   -0.87205E-04   -0.39774E-02   -0.44055E-03
    0.27228E-03   -0.39419E-02    0.52170E-03
    0.10362E-02   -0.39600E-02    0.11303E-02
    0.19916E-02   -0.42204E-02    0.83540E-03
    0.28174E-02   -0.45739E-02    0.89446E-04
    0.34345E-02   -0.46379E-02   -0.41770E-03
    0.38301E-02   -0.42562E-02   -0.75713E-03
    0.38727E-02   -0.36960E-02   -0.13677E-02
    0.35704E-02   -0.33432E-02   -0.20352E-02
    0.32183E-02   -0.33657E-02   -0.21074E-02
    0.30284E-02   -0.37137E-02   -0.16583E-02
    0.28891E-02   -0.42269E-02   -0.15910E-02
    0.27044E-02   -0.46322E-02   -0.23717E-02
    0.26202E-02   -0.46629E-02   -0.33697E-02
    0.26489E-02   -0.43702E-02   -0.38227E-02
    0.24724E-02   -0.41504E-02   -0.38899E-02
    0.19782E-02   -0.42634E-02   -0.42398E-02
    0.16033E-02   -0.44695E-02   -0.49356E-02
    0.16855E-02   -0.43613E-02   -0.53012E-02
    0.18169E-02   -0.39254E-02   -0.48512E-02
    0.13893E-02   -0.35140E-02   -0.39179E-02
    0.54889E-03   -0.33439E-02   -0.31899E-02
    0.34670E-04   -0.33159E-02   -0.28274E-02
    0.19083E-03   -0.33128E-02   -0.22770E-02
    0.68293E-03   -0.33802E-02   -0.10364E-02
    0.11383E-02   -0.35347E-02    0.57082E-03
    0.15494E-02   -0.36274E-02    0.16813E-02
    0.20141E-02   -0.35041E-02    0.19616E-02
    0.25175E-02   -0.31370E-02    0.19826E-02
    0.30320E-02   -0.25249E-02    0.23151E-02
    0.35004E-02   -0.16445E-02    0.27144E-02
    0.37090E-02   -0.61485E-03    0.26537E-02
    0.34704E-02    0.24648E-03    0.22681E-02
    0.28911E-02    0.68909E-03    0.21086E-02
    0.21984E-02    0.77709E-03    0.22161E-02
    0.14469E-02    0.76319E-03    0.22235E-02
    0.71951E-03    0.80218E-03    0.22710E-02
    0.38598E-03    0.91888E-03    0.28999E-02
    0.66375E-03    0.11828E-02    0.38824E-02
    0.10495E-02    0.17154E-02    0.40681E-02
    0.75147E-03    0.24783E-02    0.28166E-02
   -0.30465E-03    0.31996E-02    0.89509E-03
   -0.13964E-02    0.36246E-02   -0.47523E-03
   -0.19509E-02    0.37902E-02   -0.84168E-03
   -0.20787E-02    0.39636E-02   -0.39894E-03
   -0.21203E-02    0.43346E-02    0.60870E-03
   -0.21907E-02    0.48678E-02    0.17181E-02
   -0.23205E-02    0.54531E-02    0.20922E-02
   -0.25986E-02    0.60598E-02    0.13569E-02
   -0.29782E-02    0.66508E-02    0.27584E-03
   -0.32791E-02    0.70537E-02   -0.12824E-03
   -0.34955E-02    0.70756E-02    0.10687E-03
   -0.37675E-02    0.67370E-02    0.11285E-03
   -0.40033E-02    0.62671E-02   -0.45610E-03
   -0.39442E-02    0.58541E-02   -0.10065E-02
   -0.36938E-02    0.55010E-02   -0.89209E-03
   -0.37261E-02    0.51267E-02   -0.10230E-03
   -0.42100E-02    0.46812E-02    0.93213E-03
   -0.47404E-02    0.41342E-02    0.16632E-02
   -0.49089E-02    0.34860E-02    0.15266E-02
   -0.47178E-02    0.28474E-02    0.26772E-03
   -0.42413E-02    0.23966E-02   -0.16495E-02
   -0.33491E-02    0.21807E-02   -0.32786E-02
   -0.20904E-02    0.20403E-02   -0.39288E-02
   -0.96914E-03    0.17827E-02   -0.35038E-02
   -0.45018E-03    0.13543E-02   -0.22694E-02
   -0.42461E-03    0.82498E-03   -0.65529E-03
   -0.47473E-03    0.33555E-03    0.80554E-03
   -0.44405E-03    0.10784E-03    0.17446E-02
   -0.43687E-03    0.34744E-03    0.22124E-02
   -0.44271E-03    0.10172E-02    0.24695E-02
   -0.28376E-03    0.18124E-02    0.26569E-02
    0.15505E-03    0.24618E-02    0.28692E-02
    0.86579E-03    0.29416E-02    0.32390E-02
    0.17776E-02    0.32818E-02    0.35718E-02
    0.26937E-02    0.33048E-02    0.32368E-02
    0.33123E-02    0.27749E-02    0.19626E-02
    0.35217E-02    0.17928E-02    0.48917E-03
    0.35798E-02    0.85376E-03   -0.18374E-03
    0.38289E-02    0.43588E-03   -0.20990E-04
    0.43265E-02    0.58599E-03    0.21556E-03
    0.48865E-02    0.94289E-03    0.18284E-03
    0.53414E-02    0.11339E-02    0.23510E-03
    0.55970E-02    0.11076E-02    0.53909E-03
    0.55532E-02    0.10530E-02    0.76836E-03
    0.51774E-02    0.10304E-02    0.83872E-03
    0.46148E-02    0.83617E-03    0.11471E-02
    0.40699E-02    0.34138E-03    0.17724E-02
    0.35847E-02   -0.19224E-03    0.21272E-02
    0.30151E-02   -0.39016E-03    0.17704E-02
    0.22166E-02   -0.29869E-03    0.99083E-03
    0.12290E-02   -0.33050E-03    0.24800E-03
    0.31009E-03   -0.64902E-03   -0.37961E-03
   -0.22973E-03   -0.95160E-03   -0.82742E-03
   -0.30428E-03   -0.99192E-03   -0.76053E-03
   -0.13921E-03   -0.96850E-03   -0.17077E-03
   -0.12825E-04   -0.11494E-02    0.28588E-03
    0.86740E-05   -0.13956E-02    0.14354E-03
   -0.29041E-04   -0.13707E-02   -0.13816E-03
   -0.17859E-03   -0.10380E-02    0.45704E-04
   -0.47303E-03   -0.64139E-03    0.31468E-03
   -0.71678E-03   -0.34033E-03   -0.23860E-03
   -0.69096E-03   -0.17270E-03   -0.16111E-02
   -0.51212E-03   -0.26457E-03   -0.27351E-02
   -0.48495E-03   -0.75665E-03   -0.28739E-02
   -0.63917E-03   -0.15789E-02   -0.24881E-02
   -0.73678E-03   -0.25701E-02   -0.24338E-02
   -0.70933E-03   -0.37378E-02   -0.28087E-02
   -0.72854E-03   -0.51032E-02   -0.29787E-02
   -0.85482E-03   -0.63708E-02   -0.24882E-02
   -0.10167E-02   -0.71016E-02   -0.16026E-02
   -0.13477E-02   -0.72121E-02   -0.10143E-02
   -0.20645E-02   -0.69987E-02   -0.11853E-02
   -0.29069E-02   -0.67005E-02   -0.19442E-02
   -0.32070E-02   -0.63836E-02   -0.26745E-02
   -0.27344E-02   -0.62434E-02   -0.29660E-02
   -0.20254E-02   -0.65890E-02   -0.30559E-02
   -0.16185E-02   -0.73927E-02   -0.34662E-02
   -0.14122E-02   -0.81984E-02   -0.42191E-02
   -0.11116E-02   -0.86372E-02   -0.46904E-02
   -0.86243E-03   -0.87536E-02   -0.43883E-02
   -0.96549E-03   -0.87021E-02   -0.36607E-02
   -0.12568E-02   -0.84574E-02   -0.33668E-02
   -0.12817E-02   -0.80169E-02   -0.39027E-02
   -0.94008E-03   -0.75690E-02   -0.47767E-02
   -0.53141E-03   -0.72005E-02   -0.51716E-02
   -0.26463E-03   -0.66916E-02   -0.47525E-02
   -0.12379E-03   -0.58696E-02   -0.38717E-02
   -0.14288E-03   -0.49274E-02   -0.31361E-02
   -0.41400E-03   -0.40806E-02   -0.28797E-02
   -0.83140E-03   -0.31155E-02   -0.29570E-02
   -0.11880E-02   -0.16650E-02   -0.29323E-02
   -0.15574E-02    0.16900E-03   -0.25045E-02
   -0.22447E-02    0.18644E-02   -0.17959E-02
   -0.32616E-02    0.31453E-02   -0.11393E-02
   -0.41293E-02    0.42324E-02   -0.57431E-03
   -0.43593E-02    0.53395E-02    0.21155E-03
   -0.39692E-02    0.62476E-02    0.12815E-02
   -0.33929E-02    0.65759E-02    0.20675E-02
   -0.29884E-02    0.62935E-02    0.19571E-02
   -0.27547E-02    0.57693E-02    0.11246E-02
   -0.24819E-02    0.53982E-02    0.34928E-03
   -0.20473E-02    0.53088E-02    0.55747E-04
   -0.15015E-02    0.53904E-02    0.33846E-04
   -0.92195E-03    0.54935E-02    0.13503E-03
   -0.32491E-03    0.55997E-02    0.60917E-03
    0.21296E-03    0.58337E-02    0.14709E-02
    0.49940E-03    0.62935E-02    0.21278E-02
    0.48155E-03    0.68688E-02    0.21357E-02
    0.46529E-03    0.72799E-02    0.19078E-02
    0.82523E-03    0.73125E-02    0.21460E-02
    0.15093E-02    0.69736E-02    0.29078E-02
    0.21035E-02    0.64197E-02    0.38065E-02
    0.24215E-02    0.58010E-02    0.47987E-02
    0.27292E-02    0.51840E-02    0.60111E-02
    0.32700E-02    0.45348E-02    0.69378E-02
    0.38586E-02    0.37390E-02    0.66813E-02
    0.41495E-02    0.27164E-02    0.51707E-02
    0.41090E-02    0.15740E-02    0.34521E-02
    0.40080E-02    0.57629E-03    0.24867E-02
    0.40592E-02   -0.10962E-03    0.21924E-02
    0.42150E-02   -0.58535E-03    0.19273E-02
    0.42534E-02   -0.10538E-02    0.13794E-02
    0.39953E-02   -0.15254E-02    0.62529E-03
    0.35261E-02   -0.18133E-02   -0.22137E-03
    0.31842E-02   -0.18246E-02   -0.98204E-03
    0.31539E-02   -0.17178E-02   -0.13628E-02
    0.31224E-02   -0.16833E-02   -0.13372E-02
    0.26249E-02   -0.16591E-02   -0.13035E-02
    0.17139E-02   -0.14096E-02   -0.14792E-02
    0.91093E-03   -0.89482E-03   -0.14381E-02
    0.44944E-03   -0.42928E-03   -0.73450E-03
    0.18486E-04   -0.37311E-03    0.22601E-03
   -0.59153E-03   -0.70793E-03    0.53303E-03
   -0.10874E-02   -0.10270E-02   -0.17144E-04
   -0.12260E-02   -0.97428E-03   -0.60164E-03
   -0.13310E-02   -0.60922E-03   -0.41808E-03
   -0.18404E-02   -0.26192E-03    0.38840E-03
   -0.26576E-02   -0.81825E-04    0.10970E-02
   -0.33732E-02    0.12598E-03    0.13676E-02
   -0.38649E-02    0.57046E-03    0.14657E-02
   -0.42403E-02    0.11178E-02    0.16894E-02
   -0.44217E-02    0.14180E-02    0.19377E-02
   -0.42848E-02    0.13473E-02    0.18694E-02
   -0.40761E-02    0.11553E-02    0.12537E-02
   -0.42102E-02    0.11298E-02    0.13425E-03
   -0.47055E-02    0.12668E-02   -0.11346E-02
   -0.52246E-02    0.13588E-02   -0.19593E-02
   -0.56083E-02    0.12818E-02   -0.18737E-02
   -0.59533E-02    0.10694E-02   -0.10187E-02
   -0.62136E-02    0.80558E-03   -0.99883E-04
   -0.61730E-02    0.60962E-03    0.31876E-03
   -0.58437E-02    0.66830E-03    0.36291E-03
   -0.54955E-02    0.11000E-02    0.53875E-03
   -0.52383E-02    0.17809E-02    0.10791E-02
   -0.49319E-02    0.24515E-02    0.18630E-02
   -0.45567E-02    0.29921E-02    0.27744E-02
   -0.43124E-02    0.34432E-02    0.37070E-02
   -0.42723E-02    0.37690E-02    0.43207E-02
   -0.42680E-02    0.38204E-02    0.43340E-02
   -0.42045E-02    0.36018E-02    0.41205E-02
   -0.41747E-02    0.33784E-02    0.44571E-02
   -0.41680E-02    0.33906E-02    0.54680E-02
   -0.39639E-02    0.35956E-02    0.63262E-02
   -0.34250E-02    0.37991E-02    0.62933E-02
   -0.26385E-02    0.38973E-02    0.55932E-02
   -0.17014E-02    0.38591E-02    0.49280E-02
   -0.65922E-03    0.36173E-02    0.46049E-02
    0.27550E-03    0.31706E-02    0.45292E-02
    0.79997E-03    0.27143E-02    0.45415E-02
    0.98293E-03    0.24819E-02    0.42273E-02
    0.13343E-02    0.24840E-02    0.29018E-02
    0.21937E-02    0.25438E-02    0.51814E-03
    0.32943E-02    0.25387E-02   -0.17578E-02
    0.41491E-02    0.24501E-02   -0.26937E-02
    0.46474E-02    0.22253E-02   -0.25127E-02
    0.50201E-02    0.18027E-02   -0.24631E-02
    0.53907E-02    0.13047E-02   -0.30306E-02
    0.56432E-02    0.10360E-02   -0.35418E-02
