35	33	0	0	50	0

1,	0.0,	0.0,	0.0
17,	32.0,	0.0,	0.0
33,	0.0,	16.985,	0.0
34,	1.0,	16.985,	0.0
35,	2.0,	16.985,	0.0
36,	3.0,	16.985,	0.0
37,	4.0,	16.985,	0.0
38,	5.0,	16.985,	0.0
39,	6.0,	16.985,	0.0
40,	7.0,	16.985,	0.0
41,	8.0,	16.985,	0.0
42,	9.0,	16.985,	0.0
43,	10.0,	16.985,	0.0
44,	11.0,	16.985,	0.0
45,	12.0,	16.985,	0.0
46,	13.0,	16.985,	0.0
47,	14.0,	16.985,	0.0
48,	15.0,	16.985,	0.0
49,	16.0,	16.985,	0.0
50,	17.0,	16.985,	0.0
51,	18.0,	16.985,	0.0
52,	19.0,	16.985,	0.0
53,	20.0,	16.985,	0.0
54,	21.0,	16.985,	0.0
55,	22.0,	16.985,	0.0
56,	23.0,	16.985,	0.0
57,	24.0,	16.985,	0.0
58,	25.0,	16.985,	0.0
59,	26.0,	16.985,	0.0
60,	27.0,	16.985,	0.0
61,	28.0,	16.985,	0.0
62,	29.0,	16.985,	0.0
63,	30.0,	16.985,	0.0
64,	31.0,	16.985,	0.0
65,	32.0,	16.985,	0.0


33
34
35
36
37
38
39
40
41
42
43
44
45
46
47
48
49
50
51
52
53
54
55
56
57
58
59
60
61
62
63
64
65






1
D:\VBC_Guide_Samples\sample4-Seismic\VBC
Bridge_modalvectors_5271222.dat
50
1.0	5.0	0.05	0.05


Post

8
1	1	1	!1#墩底
17	17	1	!2#墩底
33	33	1	!1#梁端
34	34	1	!近1#梁端
41	41	1	!近1#四分之一跨
49	49	1	!跨中
57	57	1	!近2#四分之一跨
65	65	1	!2#梁端


0