      65      65       0       0     100       0


       1      0.000000E+00      0.000000E+00      0.000000E+00	
       2      0.000000E+00      1.000000E+00      0.000000E+00	
       3      0.000000E+00      2.000000E+00      0.000000E+00	
       4      0.000000E+00      3.000000E+00      0.000000E+00	
       5      0.000000E+00      4.000000E+00      0.000000E+00	
       6      0.000000E+00      5.000000E+00      0.000000E+00	
       7      0.000000E+00      6.000000E+00      0.000000E+00	
       8      0.000000E+00      7.000000E+00      0.000000E+00	
       9      0.000000E+00      8.000000E+00      0.000000E+00	
      10      0.000000E+00      9.000000E+00      0.000000E+00	
      11      0.000000E+00      1.000000E+01      0.000000E+00	
      12      0.000000E+00      1.100000E+01      0.000000E+00	
      13      0.000000E+00      1.200000E+01      0.000000E+00	
      14      0.000000E+00      1.300000E+01      0.000000E+00	
      15      0.000000E+00      1.400000E+01      0.000000E+00	
      16      0.000000E+00      1.500000E+01      0.000000E+00	
      17      3.200000E+01      0.000000E+00      0.000000E+00	
      18      3.200000E+01      1.000000E+00      0.000000E+00	
      19      3.200000E+01      2.000000E+00      0.000000E+00	
      20      3.200000E+01      3.000000E+00      0.000000E+00	
      21      3.200000E+01      4.000000E+00      0.000000E+00	
      22      3.200000E+01      5.000000E+00      0.000000E+00	
      23      3.200000E+01      6.000000E+00      0.000000E+00	
      24      3.200000E+01      7.000000E+00      0.000000E+00	
      25      3.200000E+01      8.000000E+00      0.000000E+00	
      26      3.200000E+01      9.000000E+00      0.000000E+00	
      27      3.200000E+01      1.000000E+01      0.000000E+00	
      28      3.200000E+01      1.100000E+01      0.000000E+00	
      29      3.200000E+01      1.200000E+01      0.000000E+00	
      30      3.200000E+01      1.300000E+01      0.000000E+00	
      31      3.200000E+01      1.400000E+01      0.000000E+00	
      32      3.200000E+01      1.500000E+01      0.000000E+00	
      33      0.000000E+00      1.698500E+01      0.000000E+00	
      34      1.000000E+00      1.698500E+01      0.000000E+00	
      35      2.000000E+00      1.698500E+01      0.000000E+00	
      36      3.000000E+00      1.698500E+01      0.000000E+00	
      37      4.000000E+00      1.698500E+01      0.000000E+00	
      38      5.000000E+00      1.698500E+01      0.000000E+00	
      39      6.000000E+00      1.698500E+01      0.000000E+00	
      40      7.000000E+00      1.698500E+01      0.000000E+00	
      41      8.000000E+00      1.698500E+01      0.000000E+00	
      42      9.000000E+00      1.698500E+01      0.000000E+00	
      43      1.000000E+01      1.698500E+01      0.000000E+00	
      44      1.100000E+01      1.698500E+01      0.000000E+00	
      45      1.200000E+01      1.698500E+01      0.000000E+00	
      46      1.300000E+01      1.698500E+01      0.000000E+00	
      47      1.400000E+01      1.698500E+01      0.000000E+00	
      48      1.500000E+01      1.698500E+01      0.000000E+00	
      49      1.600000E+01      1.698500E+01      0.000000E+00	
      50      1.700000E+01      1.698500E+01      0.000000E+00	
      51      1.800000E+01      1.698500E+01      0.000000E+00	
      52      1.900000E+01      1.698500E+01      0.000000E+00	
      53      2.000000E+01      1.698500E+01      0.000000E+00	
      54      2.100000E+01      1.698500E+01      0.000000E+00	
      55      2.200000E+01      1.698500E+01      0.000000E+00	
      56      2.300000E+01      1.698500E+01      0.000000E+00	
      57      2.400000E+01      1.698500E+01      0.000000E+00	
      58      2.500000E+01      1.698500E+01      0.000000E+00	
      59      2.600000E+01      1.698500E+01      0.000000E+00	
      60      2.700000E+01      1.698500E+01      0.000000E+00	
      61      2.800000E+01      1.698500E+01      0.000000E+00	
      62      2.900000E+01      1.698500E+01      0.000000E+00	
      63      3.000000E+01      1.698500E+01      0.000000E+00	
      64      3.100000E+01      1.698500E+01      0.000000E+00	
      65      3.200000E+01      1.698500E+01      0.000000E+00	


       1
       2
       3
       4
       5
       6
       7
       8
       9
      10
      11
      12
      13
      14
      15
      16
      17
      18
      19
      20
      21
      22
      23
      24
      25
      26
      27
      28
      29
      30
      31
      32
      33
      34
      35
      36
      37
      38
      39
      40
      41
      42
      43
      44
      45
      46
      47
      48
      49
      50
      51
      52
      53
      54
      55
      56
      57
      58
      59
      60
      61
      62
      63
      64
      65




       1
D:\VBC_Guide_Samples\sample4-Sei
Bridge_modalvectors_5271222.dat
     100
       2       2      5.000000E-02      5.000000E-02	


  Post
       0


         0


